3.336045
0.977244
2.768062
0.508542
4.042927
0.637053
3.166324
0.738443
2.838512
0.668032
4.779451
1.373046
4.644260
0.745144
2.683982
1.313626
4.282339
1.471246
3.353495
0.772874
3.066513
1.086965
3.469316
0.421372
3.382995
1.201756
3.313945
0.742204
3.577526
1.377606
4.394950
1.710107
3.230355
0.818954
3.960928
1.246476
3.104944
1.235245
5.128593
1.629277
4.316118
0.898504
2.979943
1.030815
3.722346
1.015204
3.264315
1.063575
3.811477
1.579777
3.582206
0.877504
3.561326
0.754283
3.491466
0.743074
2.351021
0.675493
3.149985
1.020114
2.672382
0.797863
4.041848
1.079634
3.118684
0.503982
2.589751
1.082955
3.551926
0.778404
2.682471
1.112264
3.194945
1.104195
2.442491
0.419592
3.132053
1.236825
3.463416
0.700573
2.889233
1.146695
2.906513
0.419682
2.706042
1.003125
3.831497
1.291936
2.367400
0.909665
3.674876
0.706233
3.288325
0.998375
3.509595
1.142015
3.185124
1.329496
3.796547
1.064564
4.196778
1.246446
2.836703
1.427527
4.211929
0.599063
3.559815
0.746144
3.188364
1.187765
3.903707
1.276845
2.946473
1.149455
3.915728
1.132156
4.451140
1.286195
3.938288
1.016265
3.042794
0.715533
4.112959
1.040695
3.009683
0.847314
3.321485
0.956124
3.581546
0.752263
2.890073
1.279076
2.796232
1.180786
2.549581
0.967955
2.311900
0.859054
2.308450
0.618203
3.097003
0.903024
3.419015
1.029595
2.427680
0.924664
2.776172
0.620443
2.502050
1.382356
2.999443
1.149504
2.479781
0.735703
2.964063
1.935218
2.570351
2.302581
3.103593
1.157035
2.890762
0.788063
2.415751
0.807754
3.496735
1.291956
2.894963
0.775744
3.020143
0.940415
3.742516
0.636863
2.715331
0.857454
4.353700
0.821703
2.591951
0.973254
3.012923
1.117695
2.806942
0.644963
2.496631
1.041264
2.536521
0.485922
2.741122
1.101365
3.291264
0.789734
2.776742
1.343766
3.612295
0.869324
3.517915
0.946434
2.727031
0.930855
2.724882
0.959084
2.797092
1.139656
2.926554
0.673973
2.437541
1.243575
3.492585
0.787574
2.763152
0.982374
3.524826
0.855784
3.209294
1.315106
5.070932
1.293445
4.878431
1.257486
5.148752
0.793293
6.451528
2.620941
3.804607
1.143085
4.245099
1.100975
6.371367
3.184284
5.534224
1.664818
5.572844
7.626864
3.500625
0.989274
5.357953
0.952464
6.799620
0.876924
5.511463
1.874969
10.750927
6.445508
5.651085
0.810793
4.916741
1.945808
4.250279
1.681787
5.042522
1.172695
5.120342
1.434356
6.414268
2.580871
4.685330
0.745343
6.204117
1.648477
4.560290
1.089525
4.633640
2.160409
7.300072
1.722417
5.583305
0.840834
4.309759
0.860323
6.581469
1.072905
5.964886
1.180816
5.530955
1.506067
5.132202
1.573347
4.473870
1.273805
5.384234
1.538517
5.740326
1.338696
5.187552
1.175175
5.148083
1.787678
6.056396
1.301036
10.258414
7.255342
5.825535
1.448287
6.257287
1.381086
4.729011
0.904344
5.624305
1.869688
4.184158
1.329996
6.710230
2.057809
6.634399
1.684138
4.479720
1.613716
4.756151
1.670598
5.687015
1.310246
5.159812
1.529347
5.653495
1.631617
6.442268
0.714613
3.707457
0.927504
5.115892
1.021774
6.060367
1.121845
5.813335
1.527657
4.304229
1.716737
4.775780
1.396596
5.240512
1.363426
4.181708
0.673323
4.809342
2.009139
5.198873
0.916344
10.016254
5.535634
4.695910
1.717958
8.219136
1.233246
6.479739
1.962689
4.241598
1.570467
5.550425
1.650187
4.542710
2.862572
6.668619
1.787778
4.964742
1.709638
4.281458
2.591952
6.484079
1.632897
4.203729
1.158695
6.256618
1.607987
4.392889
1.530717
5.765136
1.157035
6.037227
1.590397
4.989762
1.650627
3.420065
1.384496
6.039926
20.225920
6.097236
1.583207
4.638371
2.214269
5.338714
1.847519
7.260683
1.100584
5.016852
1.764009
4.755601
1.832808
3.747096
1.537617
5.955037
1.502957
6.269367
1.053975
4.316099
1.334886
5.700225
1.489107
4.967432
1.011924
4.901762
1.643978
4.424010
1.836038
3.599546
1.024905
4.297569
1.285485
14.716364
7.009091
4.821752
1.087875
5.580084
1.463396
4.681611
1.035765
3.920388
1.662417
5.010633
1.348035
3.549725
0.987164
6.709080
1.337986
5.152103
1.745988
4.383410
1.340736
4.952431
1.058605
4.988672
0.927434
4.215008
2.492721
3.975437
1.429946
5.257453
1.249325
3.648786
1.562537
6.041177
23.479202
2.678052
1.236575
4.234418
2.129710
3.395365
1.761627
4.418979
1.757018
5.244893
2.509621
3.116544
1.532997
4.673061
1.745238
7.463403
0.980075
2.820462
1.498167
3.281705
1.098865
4.951643
1.122555
4.609360
1.211396
3.813157
1.373166
3.526996
1.862108
4.730621
1.331716
5.584375
1.125665
12.144434
15.100777
4.575200
1.285466
4.567361
1.131435
5.115372
1.394416
3.632637
2.088969
3.057384
1.152305
3.646706
1.053015
3.859837
0.839923
3.213114
1.392626
2.928123
1.472737
3.771677
1.399276
4.760390
1.450467
3.384585
1.622377
3.661197
1.126195
4.479900
1.888028
5.172793
21.879786
3.184204
0.556292
4.616560
1.224985
3.364115
1.302216
4.320149
1.129185
4.480660
1.478507
4.125968
0.909854
5.021102
1.522677
4.378549
1.418066
2.618832
1.189275
4.412799
1.344176
3.944088
1.862419
5.179752
1.658357
3.569806
1.502137
5.754015
0.844594
4.445589
12.047613
6.083987
2.224250
4.567890
1.581537
3.262465
1.554747
3.449075
1.495177
4.784651
1.268016
3.634036
1.198125
3.319184
1.268616
5.355194
1.194285
4.542020
2.089969
3.952148
1.258715
4.447079
1.622157
6.124167
1.635827
3.803177
1.092775
4.974332
1.300996
3.028633
1.817018
16.648344
13.577959
4.559990
1.846658
4.395359
1.723567
4.173919
1.569677
3.596596
1.685987
5.820756
1.305526
4.180278
1.195866
19.306734
20.580379
3.575886
1.272306
6.254088
1.938518
4.480100
12.357994
4.181418
1.702737
6.091347
1.249736
4.694850
1.669607
4.654281
1.221075
4.165629
1.644508
5.579805
1.568746
4.630051
1.316916
5.079222
1.156736
4.936631
1.046555
5.334903
1.913528
5.230672
0.877164
3.394965
1.981159
3.613206
1.667018
3.271404
1.768598
4.652610
0.882894
6.855841
7.182272
3.194274
1.802878
3.232445
0.462242
4.219989
1.510487
3.159944
1.272885
2.814042
1.309866
3.864237
1.483747
2.765412
1.452347
4.283819
1.668167
2.342800
1.268566
3.610086
1.662837
3.771067
1.143945
3.219654
1.707687
4.159687
1.538707
3.033813
1.199995
9.055739
15.220347
2.525641
1.371905
3.130243
1.712738
3.118784
1.235536
3.319144
1.733998
3.970078
1.369836
2.227170
1.400436
3.747887
0.880264
3.653156
1.325056
2.251380
1.865608
4.410829
1.376517
3.522626
1.093145
2.794422
0.882094
3.111024
1.189965
2.895532
0.866544
3.423516
13.178278
3.367904
1.160335
2.569612
1.173365
3.397295
19.841417
3.481416
0.978784
2.545581
1.269246
3.519105
1.282265
2.710341
1.462687
3.036494
1.317866
3.719736
1.368036
2.651342
1.302315
3.196954
1.725667
3.503135
1.279976
3.944617
1.505736
3.426246
1.427196
2.909453
0.749843
3.376245
1.294056
4.663780
1.884338
3.726557
1.487466
9.531532
12.152704
4.255148
1.579637
3.495295
1.548497
5.572694
2.077290
3.700826
1.335566
5.366613
1.531676
5.703884
2.111190
4.466259
2.022549
5.291443
1.543107
5.305393
1.192965
4.106888
2.193399
5.478934
12.808496
5.007982
1.721888
4.369039
2.113849
5.143513
1.826617
3.167234
1.312996
9.424872
9.729833
6.123227
1.288756
5.580645
1.809688
4.308409
1.849928
4.184558
2.038169
4.881232
1.729998
7.785394
1.457387
4.833822
11.620972
4.817761
1.680028
3.817127
1.386726
6.222118
1.302895
5.537044
0.958174
3.280104
1.832338
4.562170
2.268571
7.480773
1.648757
4.586160
1.650407
6.196757
1.730107
3.790767
1.665147
5.787445
2.213490
5.187943
0.973314
4.579811
1.291005
5.735135
17.861938
6.020977
1.541497
4.000888
2.118379
4.981422
2.354031
4.232038
1.744767
6.605549
2.231530
4.521430
1.876348
3.385935
1.700737
5.005622
1.300226
5.544245
1.017515
4.062058
1.674837
5.788546
2.096160
4.148358
1.279206
6.575629
2.305120
3.680366
11.999533
3.965457
1.839828
7.306412
1.784768
6.303659
1.380877
5.076343
2.199890
5.374064
2.114700
4.011438
1.653737
4.860172
1.285236
5.798155
2.034468
5.010982
2.156069
6.529669
1.773977
5.743806
1.678747
5.033512
1.708567
4.889392
1.652147
5.489444
1.716398
8.498457
9.512121
6.695439
2.168869
4.280919
1.892369
6.053086
1.706057
6.374368
2.817042
4.375309
1.856048
5.150493
1.597977
6.408618
2.282610
7.043562
1.837508
5.294373
1.617027
4.120578
2.021709
5.110992
2.286780
5.055552
1.040955
5.394124
1.555767
4.740231
12.491074
4.090508
1.708778
5.931076
1.855068
5.621135
1.425086
3.918257
2.351110
5.621874
2.140649
5.839486
1.562767
4.279099
1.757058
5.747626
2.564181
5.359254
2.123139
7.009932
2.965803
5.783155
2.754922
4.754472
1.363096
6.108197
2.475841
12.517825
8.225886
4.261509
2.332700
5.905976
1.770677
12.439205
8.885229
5.848836
2.632402
6.787310
1.882768
10.907429
7.976515
4.233959
2.531722
6.586159
15.942651
4.522540
1.545307
7.971735
1.834038
5.555864
1.068715
6.185438
2.055479
6.238837
1.714678
6.738530
1.483146
9.304501
10.731576
6.985211
1.613717
4.284939
10.951727
6.440589
2.496691
7.022252
2.013669
11.359530
7.952555
6.766510
1.510436
5.426245
1.817698
4.432760
21.853516
8.607109
2.326130
7.390873
1.149055
6.483569
2.565231
5.142042
2.415720
5.184873
2.045449
7.482033
2.482801
8.597098
2.184910
5.563864
1.206505
5.974857
1.583668
5.890686
2.636271
7.971506
1.617657
4.132168
2.934602
10.721747
3.194915
6.858450
2.072989
8.425517
2.806662
14.535604
11.808201
9.073760
2.392991
8.158316
1.746627
9.788833
2.831973
9.591293
3.132774
6.662400
2.756263
7.659144
2.992923
5.518434
2.867133
6.698920
5.190302
12.273425
2.710803
6.149807
2.921973
7.697444
2.966763
4.695530
2.457031
8.807699
3.445626
7.658264
2.532451
16.139101
17.752298
6.363868
1.731408
7.338233
2.462881
6.621720
3.237504
8.855790
2.971523
9.332291
2.802882
6.796510
3.108824
8.555008
2.228600
5.137813
4.472810
6.368108
3.650466
8.196027
2.231360
7.514093
26.500477
5.162634
2.232650
8.393997
3.283054
11.616091
2.231071
5.504334
2.676892
8.208886
2.497251
5.372014
3.035043
7.930395
3.328425
6.384928
1.767358
15.117637
2.611242
6.090216
1.781368
5.999357
4.377209
6.955001
1.904899
5.712876
2.898963
9.306831
2.996993
5.184924
18.369291
5.742695
1.904408
6.405888
1.998609
7.034271
2.875492
8.718539
2.030959
4.703580
2.315100
9.113400
3.495366
8.528897
3.010853
7.467963
2.615352
10.858377
3.136884
4.480280
1.823698
8.984200
2.006688
7.894175
1.904429
6.712609
1.453906
7.098392
2.328041
7.833584
13.049408
6.127697
2.681553
5.320343
3.225534
8.860029
2.916293
8.730699
3.965897
8.931290
2.696852
6.971010
3.295905
10.375616
2.986934
9.490672
2.706222
6.969181
2.737313
7.911845
1.838438
7.065371
2.315940
8.287686
3.912897
10.927358
3.238525
8.584388
2.572361
5.563085
21.842916
6.728810
3.095903
6.696780
2.212890
7.222502
3.200003
8.410177
2.664872
6.388537
2.909702
7.828034
2.996914
6.495879
1.560186
5.520934
2.392711
7.087101
2.460840
5.346523
1.819648
6.846720
2.585641
7.811794
1.665557
6.423738
3.125503
11.405180
2.967944
7.091572
1.926059
10.406265
10.691628
3.753386
2.273690
5.454554
2.411881
7.780524
2.942653
6.733799
2.459771
4.426509
2.082789
8.887349
2.807743
7.738134
3.749116
8.529506
2.789452
7.134332
1.928498
6.732040
3.443315
6.094077
3.618426
5.152412
2.126330
8.400027
2.688442
7.671003
2.999194
6.313167
2.540011
13.488679
13.058578
8.414157
0.990304
5.672115
2.770353
5.970336
2.173569
5.312292
1.690498
6.809420
2.480861
6.843360
2.688062
4.472470
1.743628
5.815805
2.160880
5.777336
1.417086
5.421543
2.375120
5.708085
2.230860
9.189810
1.674347
5.642385
3.291874
7.047310
2.100950
5.978867
16.564524
7.134101
2.338151
8.305556
1.698807
5.101583
2.079620
6.550199
3.591306
6.178737
1.485877
5.310593
1.426686
8.902669
2.127759
5.401944
1.553467
6.037966
2.932293
5.979987
2.004339
4.581630
3.417176
7.513804
2.651912
7.896314
1.872308
8.018136
2.006159
8.041544
28.493095
11.101979
9.266651
5.534824
2.117000
6.235467
2.724912
7.626663
2.894083
5.781915
30.071833
6.361778
18.062960
5.263073
2.569381
8.518847
2.514991
5.947957
16.316492
5.031412
2.439441
7.935194
2.820503
11.472251
8.209426
7.715884
2.028219
17.939089
13.957572
6.864171
12.970997
7.403023
5.372124
15.815700
8.732159
7.647244
22.393238
9.992384
2.162639
7.197152
18.308290
9.748343
2.241070
6.547919
2.193059
6.547890
17.786169
9.735353
2.362031
6.428259
2.095329
6.799080
1.877248
8.390316
2.148090
6.360068
2.677822
6.865110
1.701648
6.700869
2.047949
7.284283
2.707212
10.181945
2.016029
5.441434
1.617397
8.748778
2.871143
9.023089
1.994609
6.577409
1.572427
6.116907
2.869323
7.215712
1.771698
11.939052
10.908077
5.427483
1.977909
6.077677
1.475986
6.326368
2.403321
5.971287
1.444196
5.092062
2.659422
7.159822
1.362626
5.222123
1.954179
7.026841
1.927009
4.053218
2.007219
5.175013
1.409186
6.064847
2.144660
5.517484
2.037869
4.331499
2.116669
7.805535
2.423441
6.110857
2.854653
9.511602
11.247899
8.359127
3.903148
7.962786
1.898198
5.827936
2.392451
8.421397
4.796551
8.304276
2.130449
6.421638
1.786978
7.657874
1.747668
4.945592
1.826368
7.918245
1.260635
8.709079
2.300100
5.917186
2.440181
6.730010
3.205944
6.052937
2.525571
6.630200
2.881992
7.120901
20.494190
10.365866
3.630876
5.892886
1.241486
8.195936
2.545881
6.604279
2.377780
9.155261
3.419135
8.690398
2.251769
6.370259
1.881238
6.290338
2.390000
5.607675
3.686016
7.002231
3.704346
6.970881
2.937243
6.693419
2.324280
5.837506
2.217219
6.770380
3.148574
5.761515
1.531646
9.241101
11.162918
7.002871
2.334260
5.823025
2.073179
6.827810
1.989199
4.598680
1.999549
5.997097
2.765622
5.703575
2.148809
6.544598
3.029863
6.931841
1.913908
14.075762
15.534489
6.182348
2.179659
3.496795
2.560201
5.676604
2.912233
6.440898
2.193330
7.199642
2.107519
5.172073
1.019695
5.371733
2.452921
4.578841
1.638277
4.872571
2.133989
7.484353
1.815698
7.387553
2.415350
6.213668
3.345075
6.431398
2.001198
5.180614
1.748648
12.142844
10.936817
4.522890
1.960238
7.758854
2.081639
6.270808
1.884769
5.749695
2.206189
6.611770
2.433841
6.427299
2.750202
6.263798
2.647632
5.996927
2.287059
6.736030
3.539576
14.131403
8.250265
4.481590
27.598082
5.959066
2.301870
7.690234
2.330991
6.769500
3.085524
7.773404
26.579786
4.693331
1.993159
6.420498
2.860153
6.083477
4.007117
6.946951
23.012562
4.899152
2.584271
6.618099
2.440931
5.257613
2.395141
14.823245
12.818356
7.027821
2.450181
6.456669
1.516857
7.480524
2.853422
4.647151
2.323321
6.303718
3.151954
7.095011
3.805707
7.588954
18.462709
6.434539
2.591871
6.047586
2.778282
5.385474
3.082574
5.754195
2.624351
5.300613
1.557417
5.396024
1.717477
3.610846
2.088710
5.809456
2.085888
6.533278
4.096888
5.363003
1.379316
6.052207
2.131740
6.454338
2.959043
6.391418
2.813733
6.164387
2.045819
5.641855
1.309966
10.608617
9.099860
6.658139
2.557451
5.643264
1.863998
4.803611
2.647222
10.956188
3.621086
8.145057
1.817708
6.646549
3.316985
8.118706
2.821423
5.151242
0.671633
7.042621
2.914474
5.185342
3.496005
5.249203
1.385256
7.833085
1.822198
8.615318
2.339040
5.025481
2.159159
5.345024
26.155384
6.489159
2.160640
6.142296
2.049539
5.099952
1.898889
5.335244
1.813829
8.069306
2.052549
6.521309
2.322491
6.418219
2.053619
5.922936
2.283010
4.840971
2.136040
7.399002
2.249671
6.056627
1.425386
6.712749
2.730803
5.768425
1.364086
5.504894
2.390920
5.647105
3.016032
5.922985
23.318684
5.745645
2.251449
6.813239
2.191600
6.105456
2.134300
5.916196
2.674322
7.310982
2.882072
5.283623
2.617142
5.692295
2.261020
6.229117
1.613628
5.521404
1.649348
7.097310
2.172079
6.542829
2.129459
5.570554
2.803373
5.721244
2.603211
8.525586
1.696498
10.345226
19.379496
9.858453
3.301335
6.014756
2.218020
9.178300
1.978089
5.591005
2.348620
4.790151
1.972528
7.047741
2.167690
5.656925
2.461342
5.368333
2.233950
6.661459
3.396825
7.688414
1.995079
4.059897
2.088700
5.151423
1.969419
4.468339
1.937638
22.187338
18.817404
5.305283
2.374151
4.506830
1.389546
5.750245
1.890038
5.460215
1.986989
5.023652
2.967523
5.332314
1.856318
4.457919
1.808618
7.489363
3.343685
5.888666
2.320170
4.733901
2.027759
5.363973
2.754513
5.421364
2.537631
5.359423
29.183020
6.256678
0.970544
3.836157
1.730508
5.068333
1.864608
4.665620
1.688687
5.085073
2.249090
5.061052
2.874693
5.780606
2.417300
4.688790
2.595072
6.157477
1.646058
4.878952
1.920159
4.635961
2.079609
7.144491
1.981609
5.899076
2.192700
7.234342
42.187096
16.862314
11.347470
6.895790
2.391831
5.448394
1.416576
4.495230
3.059674
5.030733
2.190479
6.642889
1.806688
4.800311
1.231906
5.278183
1.272676
5.219793
1.539977
4.494779
2.175299
4.583250
23.764114
3.945978
1.689998
7.201792
2.364270
6.493508
1.243965
11.827072
21.305513
5.658354
1.862948
4.807242
1.606447
4.219569
2.282811
5.627845
1.828058
4.677131
1.283685
5.322773
1.838077
4.995342
1.284475
3.622136
1.346615
5.074143
1.740088
6.165807
1.945909
4.033818
1.704217
4.590571
1.365346
12.796047
9.937683
13.943731
21.447735
6.175987
2.340630
4.454880
1.794487
5.386723
1.658777
8.398857
1.203366
4.340599
1.576337
4.856712
1.340335
4.273229
1.294066
3.980287
1.978078
5.076902
1.923648
6.700630
1.888148
5.158753
1.617407
6.515599
2.247519
6.753440
2.300560
3.806906
28.796356
5.707195
1.259015
6.232598
1.795237
5.555594
1.674228
3.795337
1.531946
6.123757
2.068869
5.570815
1.385316
7.037211
1.137935
4.658041
1.450306
4.468809
1.879148
4.596871
1.694187
3.921636
1.428126
4.807011
1.441377
4.661550
1.831308
6.203278
32.051620
4.614730
1.672617
4.291579
1.935649
4.476089
1.114375
6.325148
1.940058
6.113396
1.414797
4.641830
2.417061
6.734109
1.219045
4.791141
1.882718
6.497699
1.817158
5.625675
1.337326
5.875706
1.633288
2.795822
1.481416
4.373839
2.177690
3.886627
0.961035
14.848766
20.945341
9.639542
2.307060
4.564750
3.251674
6.346738
1.775968
4.476629
47.199718
8.118126
2.825432
4.581240
1.380717
4.778231
2.361540
3.435365
1.102175
6.390248
2.027349
5.989196
1.377756
4.589050
1.791117
5.600815
1.530107
10.405017
3.281785
15.554229
20.618721
4.592571
2.155569
5.593555
2.288370
6.180947
2.192710
4.642300
2.058669
5.709345
2.230800
5.643854
1.944169
7.316782
3.354506
6.611529
2.295019
4.120358
2.383261
5.803725
2.822172
6.753000
4.426700
5.442903
1.602238
5.686745
2.869243
17.340107
15.796889
5.663826
2.105609
6.142568
2.037469
5.563595
2.142120
5.133582
3.062773
7.190762
2.758232
7.584903
2.448941
5.701386
2.669282
6.678789
3.222004
5.679945
3.089284
7.346733
3.065873
5.124203
1.797639
4.784271
1.249265
8.713229
2.552102
19.036753
13.084687
4.125829
2.683902
6.909210
3.134243
6.299658
2.107019
5.418214
3.438065
5.987557
2.876203
7.167061
2.983843
7.519923
2.865223
7.052891
3.760746
5.897746
2.431861
6.221717
1.234565
6.143307
1.955719
4.728251
2.209360
6.519208
3.252925
18.140650
11.389700
5.190873
2.852322
8.484468
2.930383
5.111693
2.792922
5.766375
3.172633
8.124826
3.515066
11.271590
9.677492
5.516545
1.770358
5.898086
3.598626
4.973542
1.142045
7.363793
2.853652
5.849646
1.258216
6.485198
2.433240
6.718120
2.194120
11.174649
17.754488
4.195479
3.061863
6.019857
1.060675
3.559846
1.435207
5.622005
2.222979
4.648831
2.489611
7.691384
3.569485
6.121467
2.667402
5.238162
2.147729
6.431708
1.848258
6.483488
2.667332
4.985103
2.111159
6.836260
1.953248
4.436090
17.702059
5.682585
2.745222
5.511644
2.816813
4.057137
2.703762
5.197943
2.737152
18.371382
12.401305
5.406865
2.941693
7.024461
2.948613
6.509089
2.518121
4.304089
2.231500
7.153282
2.545232
5.572644
1.864568
17.107164
15.925910
6.166317
3.063333
13.576490
10.097645
5.952446
2.077649
4.631470
1.769018
5.642115
2.223519
6.590129
3.147414
6.531248
2.036889
4.867561
3.711027
19.338095
17.668768
5.585865
2.818882
6.314897
2.641902
6.084906
2.345500
4.822741
3.615046
6.894089
2.425602
7.818125
17.377426
6.431708
3.171155
7.262702
7.844265
6.515838
1.773378
8.852879
3.209324
6.041126
2.724412
7.131281
3.532545
9.126040
2.993653
8.582078
1.373996
4.611720
3.231745
7.452162
3.405165
6.343648
2.817573
8.338697
4.241678
8.165855
4.660890
6.830940
26.058765
7.412322
1.534757
4.623200
2.225199
7.655913
4.653231
7.718864
4.206468
7.587713
3.110374
6.120097
3.953357
5.097182
2.343210
9.146080
3.930777
7.190301
3.263145
5.043583
2.380430
6.819419
4.653241
8.310416
3.259724
9.920923
3.474345
10.170765
34.955933
5.861886
2.648251
5.710746
3.623445
6.508308
2.386370
5.992727
2.120339
7.064100
2.856663
7.737014
3.543515
8.036354
3.577026
9.312941
4.818801
7.293221
1.563627
4.800612
2.677202
6.168386
3.152984
6.291208
2.559271
9.590392
5.680895
11.642461
4.006698
15.173206
17.962709
7.749654
1.745617
11.082088
3.234485
6.296438
2.563341
7.321462
2.710321
7.359273
2.693952
7.535062
3.834097
6.614829
1.641378
6.680508
3.040544
8.868659
8.527588
6.803070
2.032069
8.297657
4.577150
10.768138
2.874853
7.283612
2.455920
17.760849
28.369434
7.547523
3.990868
6.505849
2.934184
8.083386
4.131448
8.599268
2.438301
7.912255
4.337419
9.974374
5.838946
6.564999
2.775612
7.289042
3.778067
9.034259
3.089773
7.554433
5.271343
5.328024
3.826627
8.641628
3.643476
7.304542
2.325410
14.377123
24.668409
9.360220
1.951988
6.112177
3.548486
8.157276
3.982927
6.137137
17.853769
8.222846
2.719822
5.871806
1.884789
6.310417
3.717906
10.422546
3.042744
6.297278
3.750516
8.521907
2.434671
6.485029
3.774156
10.120554
4.095799
14.138392
28.791786
8.109576
3.569286
8.215907
2.617241
10.203465
3.417246
7.566904
2.127709
8.454968
3.543627
10.426567
3.759856
6.667049
4.464470
9.110870
3.913118
6.175237
2.579311
9.431752
4.509420
6.192667
3.701956
9.503192
2.452681
6.664590
26.359047
6.908660
4.919972
10.388306
4.231469
6.585329
3.983607
8.965789
2.205790
5.582925
4.639881
8.951270
2.660421
6.723359
4.632290
9.317531
2.845932
5.202233
3.002013
7.662624
3.360695
7.686374
1.603537
5.216692
4.228178
7.655744
3.853557
8.303436
45.868980
8.384408
2.013668
6.974301
2.524520
8.776429
4.327268
9.113390
3.154523
16.923565
31.470360
8.502057
2.362060
7.814205
3.904787
9.251321
37.150814
9.045460
2.677652
7.151011
3.181114
17.867060
25.710302
10.271065
3.242624
6.067977
3.862036
9.614572
3.219054
9.654043
4.510750
8.906450
5.138702
11.148089
4.197818
5.538195
2.485251
12.183384
3.378345
8.582678
3.938947
6.006966
30.005203
9.212991
3.788926
10.929199
2.710751
7.171021
3.777166
10.383516
3.862187
6.945221
3.426435
6.164977
3.269154
8.474818
4.240598
7.559053
2.591052
8.812799
4.125338
9.691443
4.954182
8.589617
2.640412
10.195815
3.436725
8.892849
2.928823
8.272217
33.044464
13.677030
7.115722
7.859905
2.664732
8.172206
4.014647
11.143469
3.688266
8.361897
3.690036
8.146936
3.384165
8.895559
3.184824
7.266792
4.802641
13.186789
3.339634
8.806219
2.364731
8.425967
3.286604
12.543886
3.388725
7.306522
3.468855
8.770898
4.009458
10.198695
15.675218
7.340402
3.979598
11.863343
2.555851
8.573298
3.146124
7.855195
4.575760
9.062150
3.916927
6.220607
4.256328
9.517523
4.217989
6.367028
2.841572
9.380142
3.075464
13.036368
3.238964
6.798351
2.952424
7.665974
4.642310
8.274437
1.744548
5.568554
4.758251
19.098585
19.706066
7.740345
20.382229
10.484726
3.305935
10.432396
2.547141
6.344918
3.576996
9.537612
3.244074
6.944940
3.575047
6.841201
3.443215
10.347816
4.304769
7.550273
2.944353
20.064268
19.740347
10.142145
3.829246
6.528009
2.971093
10.225645
3.522365
9.691513
3.802077
12.446915
22.805759
7.577063
3.103593
5.412554
4.082508
8.113286
2.595552
9.503142
3.625596
5.813266
1.279825
12.752497
4.438700
8.185266
3.810808
10.286815
25.472662
11.763622
4.252929
6.888591
2.231399
11.576381
4.096478
6.853500
5.508874
8.088726
1.644297
18.014000
18.804293
10.647667
1.786738
9.843234
2.744932
10.731697
3.568756
9.442541
1.685357
5.338034
3.806006
7.244692
3.879367
7.065221
2.168240
7.374943
4.901582
8.599279
1.535887
12.089353
12.165423
12.826507
3.915357
8.118336
4.970672
9.222781
2.855743
17.329487
19.496635
8.539488
2.584242
6.336068
2.562681
7.369312
2.270339
12.371994
6.101126
8.217055
1.568227
5.080542
1.574527
10.535946
2.687912
9.595142
2.272890
6.396648
1.984019
7.577623
3.277074
8.709298
19.099943
12.660565
24.909069
7.327421
36.346340
9.467512
1.791118
6.099117
3.721717
8.604517
3.899736
5.990766
1.787978
10.400466
3.892777
12.761666
4.033168
8.021835
2.404811
5.859096
3.153414
7.810374
1.871369
6.415728
3.514605
11.755141
35.937588
10.345225
2.689003
5.372463
2.666462
20.105618
23.320833
6.556958
20.087458
7.215851
3.000323
6.461578
2.032350
5.573395
1.731337
6.715519
2.563611
8.487076
2.374230
16.650923
29.915571
7.646913
1.833678
6.644329
1.528147
6.449088
2.868143
5.935807
2.327300
5.566984
1.728377
6.665090
40.639980
21.105942
17.544786
5.627795
1.024534
5.627665
3.317325
7.272462
1.984589
4.022058
35.268284
7.801144
2.829153
6.287987
2.392971
4.464660
2.424930
7.489632
2.211710
4.898181
1.326826
5.168302
1.585747
6.544429
1.770508
5.773605
1.128155
16.866495
29.048138
7.407972
2.184409
5.234613
2.335980
7.137851
2.432311
4.857051
2.137260
6.544648
1.585387
4.821242
2.246609
21.321804
28.043703
13.304668
11.590701
5.709225
2.828553
5.399844
1.779088
6.416178
2.413071
7.332343
1.204755
18.835083
26.823990
6.380148
2.000039
4.584371
3.025363
18.254049
24.580648
4.741251
1.613437
6.195437
2.394051
4.201579
1.372966
5.169253
2.082159
4.987922
1.170685
18.476971
24.432318
5.382064
2.014888
4.597310
2.496882
17.206005
28.673237
4.387609
25.979143
6.493309
1.623827
3.319955
1.139525
4.750371
1.144635
4.421129
1.323196
5.152162
1.600866
5.563755
1.190005
3.631496
1.246266
5.211094
1.707997
6.163947
1.990709
5.882997
1.803787
3.267444
1.636247
4.724010
1.842818
4.526180
20.245419
5.629375
1.503487
5.181472
2.241560
6.012936
1.608867
5.016232
1.620387
3.568506
1.550887
3.901797
1.599617
4.437519
1.909438
4.814121
1.650328
3.739037
1.878178
5.617834
1.459997
4.300889
1.666707
5.595794
1.985049
3.965297
43.905361
4.034047
2.498480
4.799361
1.544947
6.076107
2.665202
5.786116
1.567377
10.472546
19.983910
6.293568
22.182697
4.951422
44.855198
5.047583
2.110919
5.279264
23.983446
5.940186
1.675197
17.431696
12.414255
4.823522
2.180059
4.522170
1.593067
11.532110
25.100531
5.173153
33.306805
3.657756
1.507847
17.577877
21.522055
4.536140
2.493751
18.846823
24.176016
5.534955
2.686411
4.815662
2.491722
7.651524
2.661842
5.397683
2.077329
15.974630
24.886681
18.134390
10.353135
4.242618
2.447780
8.416028
2.293330
3.408385
2.534031
17.659248
15.850999
6.196448
1.777668
6.745840
1.752188
6.099057
15.588348
4.134398
2.512981
6.659140
1.839668
4.890922
3.558265
5.702296
1.983839
4.481680
20.554371
5.458855
1.512087
7.681854
1.646328
4.898631
25.181681
5.142292
2.246160
5.306324
1.558376
4.344139
1.751418
5.635635
1.849578
15.423088
13.683840
7.044862
2.634422
5.068552
3.127165
6.028867
1.604087
5.738785
16.941504
5.397854
25.666113
4.786631
1.856229
6.285848
0.575153
3.345124
1.263116
6.211207
2.003859
9.999174
9.926984
6.333668
2.992083
4.572780
1.237536
5.373364
21.061953
7.588394
1.784918
4.104699
1.556917
8.679888
16.647243
4.187509
1.214055
6.521858
12.553935
4.204538
1.850748
4.115638
2.403581
9.202041
8.873989
5.465874
1.218725
4.301389
1.112014
3.731687
0.585583
6.529568
2.417421
5.546025
1.072815
5.132833
1.097575
5.700385
2.731192
7.283812
2.499961
5.935736
1.990249
11.471481
10.498766
7.865335
1.014134
9.293011
1.962818
5.932266
2.867472
3.429765
0.989104
4.306368
1.486127
5.344953
1.500797
3.854196
2.111039
5.027753
1.282146
4.828551
0.999734
3.963678
0.867154
5.818085
1.460596
4.702932
13.841311
8.444017
18.920664
4.721831
1.513716
5.396653
1.273696
8.109336
1.226245
4.455199
1.886888
4.661641
1.654337
5.608705
1.867318
5.695005
1.277126
4.832021
1.462907
4.520431
1.753988
5.502754
1.996389
5.127783
21.128883
6.534859
0.812974
10.520116
8.772088
8.601678
1.955618
6.332798
0.754253
3.472765
2.211960
6.845130
1.931389
6.091516
1.392056
5.478604
1.622477
4.433199
22.302637
4.740352
1.328166
5.715006
1.766088
5.458165
1.224925
5.241453
18.160919
6.691429
1.621067
7.812644
0.781044
11.296690
20.332520
4.492729
2.217869
9.779954
9.172381
7.762884
1.841848
5.214083
1.445346
3.057954
1.490646
6.361139
1.330426
5.260712
1.177675
7.954116
13.176408
4.103828
18.610090
5.293154
0.980755
3.420835
1.451397
3.181334
1.279236
10.510186
7.459483
3.659436
1.324416
5.528703
1.210835
3.249254
1.021145
5.033342
1.193766
4.382070
1.262005
2.871312
0.982115
4.551980
1.114994
2.795432
0.892794
4.367700
1.033704
4.342589
1.058685
3.421325
0.804134
2.318290
1.099035
3.767367
1.216905
3.677845
0.526532
3.450015
1.275636
3.537435
1.405036
2.959444
0.614102
4.417859
0.769834
3.628046
1.217185
3.058563
0.766114
5.610144
0.852304
5.277943
0.640053
2.997293
0.744813
3.288564
0.949224
4.547130
0.601133
5.228362
1.412857
4.657101
1.764828
2.364600
0.980724
11.810831
13.297689
3.250724
0.939204
4.284199
0.992575
2.558051
0.592483
3.780957
0.874574
3.763217
0.607113
3.299835
0.814563
3.034633
0.682233
2.967163
1.220295
6.697710
1.021975
3.124044
0.812423
3.772647
2.365841
4.279769
0.568822
3.414985
0.731533
3.392314
0.861784
2.510431
0.681483
3.368625
0.793584
3.585655
0.624193
2.965684
0.800814
4.962283
0.688863
3.579566
1.661437
4.090858
1.341286
4.434780
1.055254
2.899362
0.581933
2.863403
1.161385
3.487376
0.848954
5.697834
0.616203
3.782007
0.772953
3.408625
1.287365
4.936792
1.028645
3.545195
0.742513
4.011718
1.251186
2.973374
0.608193
3.856377
0.691514
3.407595
0.619883
2.888613
0.849884
3.323845
0.726893
4.088499
0.642873
2.882963
1.256576
4.121588
0.696273
3.020484
0.616203
3.790127
1.387976
4.354809
0.844483
2.867092
0.577013
3.862707
0.832743
3.738446
0.649833
2.747162
0.853854
3.583816
0.835524
3.549106
0.641283
3.197064
0.787033
3.443305
0.686083
3.829417
0.960914
3.463916
1.584997
4.004108
0.630253
4.536620
0.848033
2.692591
0.555663
3.899207
0.804744
3.647036
0.632643
2.924522
0.899074
3.268335
0.627372
2.994204
1.298326
3.806057
1.492557
3.595986
0.872684
3.191054
0.703814
2.870953
0.656723
4.674581
0.872393
3.732746
0.515302
2.774272
1.215875
3.646696
0.585543
2.963553
0.815234
4.404019
0.839863
2.801052
0.528603
3.682846
