1.149505
0.002440
0.002220
0.001830
0.002900
0.002010
0.002980
0.002610
0.001690
0.001930
0.002600
0.003750
0.002400
0.002820
0.001660
0.002250
0.002830
0.002290
0.003460
0.002590
0.001670
0.001830
0.003400
0.004120
0.002220
0.002690
0.002900
0.002900
0.001970
0.002160
0.002630
0.003320
0.002070
0.002220
0.003310
0.003080
0.003760
0.001610
0.001760
0.002820
0.003460
0.003540
0.002040
0.002650
0.002880
0.002980
0.002040
0.001770
0.002570
0.002890
0.002710
0.001860
0.002060
0.005010
0.002660
0.003760
0.002410
0.001870
0.003400
0.003750
0.002610
0.001470
0.001880
0.003260
0.003870
0.003490
0.001860
0.001990
0.003290
0.002310
0.002290
0.002040
0.002840
0.003420
0.003240
0.001850
0.001660
0.003951
0.003310
0.003860
0.001940
0.002310
0.003730
0.003970
0.001940
0.001460
0.003520
0.003240
0.003690
0.001620
0.001720
0.002730
0.003580
0.004120
0.002220
0.001710
0.003970
0.002650
0.002000
0.001840
0.003090
0.002820
0.004400
0.001760
0.002350
0.003550
0.003630
0.004870
0.001910
0.002380
0.002840
0.002420
0.001720
0.001610
0.002860
0.002990
0.003270
0.003090
0.003520
0.003750
0.002060
0.002160
0.003970
0.003300
0.003620
0.002340
0.002010
0.003000
0.003500
0.002670
0.002040
0.001790
0.003130
0.002940
0.002000
0.001850
0.003450
0.002370
0.003260
0.001840
0.001960
0.003230
0.003350
0.003630
0.002040
0.001610
0.004820
0.002600
0.001780
0.001610
0.004140
0.002880
0.002370
0.002260
0.001810
0.003420
0.003950
0.001631
0.002410
0.003380
0.003830
0.003251
0.001860
0.001620
0.004160
0.003030
0.003430
0.001690
0.001790
0.003950
0.002860
0.003600
0.001800
0.003280
0.002890
0.002170
0.001960
0.002010
0.004970
0.003380
0.003640
0.001860
0.001760
0.002790
0.002730
0.001790
0.002130
0.002870
0.003960
0.003440
0.001850
0.001660
0.003170
0.002500
0.001960
0.001630
0.002870
0.003560
0.004000
0.002240
0.002340
0.003460
0.003210
0.002020
0.001730
0.002650
0.002930
0.002790
0.002370
0.001980
0.003690
0.001940
0.002700
0.002120
0.002490
0.001970
0.003230
0.001680
0.001800
0.003270
3.001903
0.003690
0.002960
0.002110
0.002070
0.002250
5.233403
0.002240
0.002070
0.002950
0.005360
9.510502
0.090980
0.067991
0.098411
0.112430
0.111270
0.113250
0.082100
0.076810
11.021568
0.169401
0.181730
0.112640
0.108060
0.128730
0.168241
0.128850
0.178360
0.115190
0.111411
0.177601
0.144781
0.202561
0.172921
0.119770
0.117470
0.167981
0.165100
0.127711
0.190881
0.127851
0.142451
0.152310
0.172980
0.139430
0.119030
0.111590
0.138060
0.164301
0.175701
0.150660
0.113120
0.174991
0.157451
0.129970
0.151561
0.108990
0.116720
0.137080
0.166451
0.164681
0.138050
0.116641
0.119541
0.148270
0.175131
0.122240
14.388683
0.118610
0.189931
0.180571
0.151710
0.162721
0.147730
0.151511
0.158941
0.195011
0.145830
0.130280
0.123150
0.213571
0.160861
0.207481
0.227981
0.152031
0.149100
0.211201
0.191971
0.153481
0.161191
0.116701
0.200401
0.185651
0.166691
0.177201
0.126470
0.127231
0.161980
0.152411
0.150311
0.181080
0.139221
0.147351
0.199711
0.188310
0.178250
0.194350
0.160801
0.176970
0.154921
0.130890
0.152311
0.175990
0.154491
0.161951
19.147264
0.143101
0.159570
0.179991
0.196331
0.199251
0.164561
0.145111
0.152891
0.152661
0.154311
0.187321
0.131941
0.151011
0.181231
0.169561
0.204651
0.169341
0.134770
0.132791
0.205211
0.206181
0.195171
0.130290
0.125351
0.158721
0.197280
0.188610
0.173471
0.157950
0.138971
0.167471
0.171441
0.209191
0.188450
0.140670
0.176300
19.641275
0.211901
0.189450
0.148690
0.155711
0.217971
0.212061
0.180161
0.192891
0.141721
0.163841
0.173840
0.197101
0.171311
0.138131
0.142200
0.192381
0.200071
0.188281
0.156001
0.149191
0.194501
0.196061
0.223521
0.194841
0.141341
0.173821
0.175461
0.201451
0.202191
0.153650
0.156431
0.192481
21.285753
0.174550
0.163511
0.158201
0.149241
0.204691
0.193481
0.228041
0.150341
0.156890
0.209811
0.181090
0.198181
0.202111
0.151521
0.218811
0.184781
0.169821
0.197141
0.166550
0.151510
0.217701
0.171911
0.197431
0.159801
0.171851
0.197810
0.199841
0.169251
0.192201
0.155221
0.153571
0.222371
23.712315
0.202831
0.158121
0.197471
0.207061
0.237761
0.162751
0.167111
0.259282
0.235591
0.225881
0.215651
0.171490
0.164151
0.204021
0.220461
0.210631
0.168230
0.156850
0.193941
0.199511
0.178481
0.214021
0.154080
0.177951
0.219201
0.225601
0.189321
0.163371
0.154241
0.209081
0.175611
0.197131
24.375977
0.190691
0.180841
0.179201
0.222811
0.236371
0.160481
0.222330
0.232231
0.208211
0.194611
0.166581
0.163271
0.213011
0.220391
0.206860
0.163110
0.167011
0.239521
0.166021
0.224361
0.203201
0.155630
0.193240
0.215101
0.208341
0.190841
0.178360
0.162411
0.204021
0.215541
30.902006
0.181311
0.165250
0.182571
0.205431
0.209961
0.193521
0.177621
0.180671
0.228091
0.214101
0.238841
0.197281
0.175931
0.193741
0.238981
0.248082
0.277982
0.156881
0.165481
0.211391
0.258072
0.206801
0.181641
0.179630
0.163131
0.243751
0.214581
0.244811
0.164241
25.592472
0.186061
0.286181
0.200711
0.250631
0.215571
0.203571
0.183871
0.292231
0.223061
0.247221
0.237511
0.194230
0.177461
0.215660
0.215411
0.242071
0.192271
0.240191
0.239031
0.191001
0.194780
0.231101
0.214480
0.260531
0.215211
0.195951
0.238261
0.273691
0.195580
0.176871
32.056511
0.237031
0.213381
0.201670
0.199570
0.249461
0.220851
0.198191
0.195581
0.187271
0.240591
0.212281
0.194991
0.192091
33.786671
0.243341
0.218471
0.220151
0.194311
0.245081
0.259061
23.572353
0.218901
0.269331
0.268081
0.283662
0.217691
0.214780
0.254061
0.271201
0.250461
0.221151
0.228971
0.263681
0.258201
0.224771
0.223041
0.268532
0.280271
0.301202
0.219191
0.259861
0.238061
0.253051
0.217201
0.243521
0.275641
0.284121
0.262121
0.203381
0.200431
0.239271
26.543118
0.221781
0.222791
0.274511
0.300751
0.226681
0.225621
0.242991
0.263481
0.267141
0.219831
0.227401
0.266831
0.255242
0.230571
0.241711
0.271242
0.325221
0.295832
0.226891
0.230721
0.262321
0.280051
0.235881
0.242341
0.310341
0.284712
0.278311
0.265801
0.256701
26.490587
0.246791
0.267221
0.225721
0.254251
0.289991
0.247702
0.240691
0.277391
0.230321
0.285121
0.242671
0.296101
0.228481
0.226081
0.238261
0.258771
0.242711
0.274922
0.231731
0.247431
0.298931
0.272691
0.271081
0.226901
0.225191
0.233501
0.256101
0.263801
0.245521
0.274631
24.448917
0.315831
0.300381
0.250381
0.260081
0.272412
19.103785
0.283801
0.317782
0.231551
0.232351
0.295111
0.274162
0.280842
0.243221
0.251441
0.269051
0.260361
0.326001
0.269421
0.255661
0.245031
0.292541
0.288861
0.279701
0.251191
0.242901
0.288521
0.294321
0.283671
0.277721
0.270342
0.275561
0.280721
0.314101
0.242611
0.236821
20.512230
0.293251
0.323402
0.252821
0.309551
0.306682
0.297461
0.292762
0.336351
0.268781
0.282091
0.433722
0.307321
0.298222
0.299981
0.279522
0.295871
0.264042
0.286922
0.279632
0.275211
0.262611
0.279611
22.821901
0.280871
0.283811
0.261732
0.377482
0.312452
0.280451
0.298341
0.257141
18.971724
0.294031
0.294352
0.396472
0.285781
0.329711
0.318701
0.354422
0.269071
0.328722
0.314551
0.328491
0.310781
0.335672
0.253561
18.935204
0.317241
0.336361
0.272231
0.278941
0.282012
0.353391
0.333101
0.433042
0.295961
0.285702
0.320742
0.300371
0.383952
0.331302
0.298322
0.326381
0.358362
0.302881
0.356322
0.282031
0.269142
0.316881
0.332392
0.295591
0.288362
0.273581
0.366232
22.366909
0.331632
0.332691
0.326832
0.291231
0.336312
0.355052
0.300791
0.298172
0.288352
0.347482
0.341401
0.392731
0.334831
0.329252
0.338252
0.319972
0.311631
0.326211
0.282111
0.281811
0.368452
0.302222
0.350852
0.309842
0.292041
0.330401
0.507533
21.436495
0.349041
0.342992
0.333922
0.338311
0.328652
0.346291
0.333171
0.279031
0.350752
0.335731
0.318621
0.301131
0.297741
0.377712
0.328582
0.293801
0.328551
0.315451
0.325812
0.339451
0.420772
0.331941
0.305941
0.337322
0.350322
0.321562
0.326471
0.328621
18.022940
0.340192
0.383301
0.329561
0.381271
0.342742
0.301881
0.603753
0.331672
0.334622
0.390391
0.325682
0.377812
0.364332
0.358681
0.455222
0.374212
0.325531
0.369961
0.321572
0.317661
0.375572
0.335141
0.347732
0.332221
0.351422
0.317181
0.386611
0.320281
19.699736
0.351221
0.297492
0.292301
0.300902
0.354922
0.364772
0.271501
0.336882
0.385502
0.393261
0.341751
0.351162
0.319292
0.312122
0.361322
0.351542
0.335851
0.290431
0.336342
0.358011
0.301891
0.352742
0.345801
0.336762
0.318931
0.302671
25.935896
0.382371
0.376802
0.378231
0.349072
0.330002
23.785166
0.378872
0.324741
0.354392
0.404251
0.402912
18.582262
0.390522
0.366021
0.384702
0.475372
21.641266
0.417682
0.367742
0.334382
0.399061
0.330472
0.379052
0.417642
0.322552
0.446292
0.424922
0.410122
0.374022
21.905888
0.374172
0.418462
0.391881
0.438202
23.160124
0.347941
0.478982
0.480032
0.533062
20.731861
0.372492
0.389502
0.417482
0.495832
0.387981
0.411142
22.916002
0.512962
0.425192
0.405372
0.447432
0.360922
0.442562
0.421682
0.471382
0.395262
0.361442
0.339341
0.413112
0.420182
0.405401
0.389762
0.361131
0.438962
0.427982
0.388212
0.433602
0.433612
0.532962
0.352392
0.424762
0.376282
0.492092
0.406502
0.362842
0.452692
0.438322
31.725840
0.373872
0.420581
0.478872
0.454552
0.402332
0.344911
0.425222
0.441112
0.454302
0.443732
0.401422
0.366691
0.496373
0.437102
0.429801
0.353092
0.427742
0.430501
0.464692
0.353571
0.364792
0.420642
0.425442
0.435892
0.394472
0.511202
0.424972
0.420112
0.365211
28.732517
0.453762
0.422232
0.434352
0.398232
0.512182
0.460362
0.443372
0.416462
0.432592
0.441552
0.481772
0.422042
0.356612
0.451512
0.446812
0.378662
0.412782
0.412562
0.503732
0.427122
0.391272
0.375612
29.591499
0.503542
0.370461
0.379582
0.448842
0.503922
0.448962
0.398262
0.392832
0.525352
0.524052
0.383812
0.452602
0.449202
0.463122
0.525562
0.404082
0.395322
0.542222
0.454832
0.449342
0.432741
0.407372
0.460212
0.452562
0.456562
0.381202
0.431652
0.424352
0.451732
24.387959
0.490043
0.419002
0.517442
0.427442
0.536923
0.504413
0.518673
0.518373
0.527532
0.436982
0.437952
0.460073
0.495762
0.467062
0.412162
0.427892
0.493512
0.467452
0.465472
0.483512
0.406712
0.470022
0.516492
0.495722
0.521503
0.450602
0.430322
0.455142
0.674013
28.305435
0.408591
0.465402
0.490402
0.471342
0.481612
0.483622
0.410282
0.443932
0.584263
0.511232
0.467032
0.410362
0.402082
0.440292
0.471322
0.792113
0.530672
0.433272
0.571063
0.455982
0.418532
0.521942
0.418092
0.405062
0.494603
0.449012
0.424872
0.547882
0.434742
24.303467
0.448392
0.455942
0.497012
0.409842
0.428981
0.457062
0.547972
0.479102
0.556342
0.607092
0.482222
0.523282
0.467722
0.488042
0.443712
0.575842
0.486982
0.620523
0.607202
0.463552
0.592272
0.513722
0.579322
0.499892
0.446032
0.447492
0.593843
0.449572
0.466782
0.459812
23.891134
0.576683
0.589173
0.480452
0.556143
0.526783
0.440272
0.508602
0.461782
0.580372
0.519422
0.498862
0.444662
0.514832
0.526163
0.446902
0.616743
0.567242
0.448972
0.564543
0.453952
0.450822
0.555453
0.473612
0.509782
0.451632
0.439482
0.490532
0.550972
0.528412
0.525022
0.434262
32.359123
0.528452
0.567042
0.512132
0.552553
0.491882
0.535042
0.482072
0.515552
0.455612
0.504272
0.481352
0.596173
0.546792
0.466262
0.467392
0.506282
0.483903
0.506122
0.543622
0.544022
0.535462
0.491532
0.493473
0.612373
0.552982
0.453242
0.604933
0.567322
0.565003
0.602513
23.059542
0.571533
0.578352
0.510222
0.636853
0.492992
0.507592
0.624953
0.572342
0.632003
0.653692
0.556562
0.515772
0.551903
0.574673
0.611443
0.531123
0.516383
0.531162
0.562422
0.591352
0.677843
0.578723
0.579353
0.533582
0.631583
0.593913
0.504883
0.593462
0.613363
33.700520
33.277355
0.541072
0.478862
0.511793
0.582373
0.586002
0.571043
0.502202
0.533762
34.842731
0.529532
36.880424
0.596063
0.603303
0.553963
0.674233
0.566602
30.516264
0.469532
0.511222
0.540322
0.517593
33.356277
0.482972
0.642493
0.523362
26.587196
0.568152
0.647713
27.292379
0.619143
0.535253
21.814236
0.581863
0.588453
28.616386
0.614393
0.615603
0.717944
26.237795
0.611623
0.622073
0.683023
0.603643
0.538952
30.265034
0.663933
0.593023
0.623673
0.681613
0.633473
0.660523
0.681734
0.605202
0.777313
0.689593
0.643393
0.595022
0.848064
0.716543
0.556022
0.810093
0.793923
0.842024
0.676993
0.666023
0.554102
0.653122
0.682123
0.750253
0.674283
0.613103
0.629593
0.624403
0.752123
0.608093
24.572618
0.660833
0.782933
0.736273
0.810633
0.557203
0.608643
0.685094
0.692223
0.734933
0.725163
0.712073
0.586013
0.814684
0.645063
0.673353
0.641753
0.600933
0.679913
0.635363
0.665723
0.635723
0.734643
0.618702
0.764713
0.690173
0.695853
0.608082
0.632953
0.589302
0.668573
0.687773
32.544643
0.607063
0.585863
0.753533
0.764723
0.722083
0.515802
0.715673
0.690993
0.793453
0.908654
0.530162
0.558413
0.761244
0.616973
0.625443
0.636843
0.543842
0.646123
0.670492
0.689343
0.611273
0.604382
0.528972
0.653603
0.724843
0.618443
0.534622
0.613263
0.763773
0.712363
29.048616
0.706633
0.669003
0.810964
0.579173
0.738893
0.707034
0.688723
0.713113
0.563443
0.705384
0.889824
0.667053
0.748903
0.705413
0.960454
0.755523
0.732144
0.684613
0.755204
0.644323
0.675773
0.657833
0.548332
0.696103
0.658823
0.595602
0.600182
0.843134
0.659463
0.761214
24.721958
0.577222
0.612462
0.727544
0.696773
0.565263
0.684763
0.767383
0.656293
0.607163
0.752973
0.616603
0.702423
0.577213
0.576143
0.910224
0.706983
0.558013
25.704374
0.746053
0.738723
0.670483
0.608633
0.602662
0.645953
0.619912
0.668543
0.560453
0.659333
0.764623
0.847334
0.606593
0.744473
0.719104
0.606852
0.871024
0.635913
0.580742
0.556802
0.637152
0.679653
0.647013
0.572043
0.680933
0.624803
0.760293
0.702943
0.707743
27.954634
0.694683
0.679773
0.716244
0.620262
0.667653
0.723383
0.648823
0.804663
0.644723
0.717483
0.869654
0.825194
0.862154
0.716603
0.635193
0.761483
0.785343
0.797913
0.839133
31.968922
0.687743
0.658663
22.613440
0.682133
0.643193
0.704303
0.625013
0.605963
0.709173
0.751083
34.311600
0.851274
0.577202
0.582593
0.806294
0.657203
0.788133
0.805693
26.813568
0.795833
0.829274
0.742053
0.900333
0.660713
0.783814
35.186546
0.646993
0.793154
0.681803
0.577822
0.653383
0.753373
0.877714
0.773293
0.768834
0.618383
0.813113
0.755083
0.881753
0.802023
30.114372
0.635553
1.055745
0.823663
0.662643
0.569773
0.688073
0.673553
0.843304
0.763434
0.616873
0.576113
0.885084
0.636153
0.920734
0.693903
0.582002
0.607902
0.711383
0.642533
0.689443
0.631153
0.622503
0.699533
0.620253
0.696923
0.698853
0.584353
0.708413
0.725493
0.679893
37.545944
0.731923
0.673773
0.734793
0.641552
0.689383
0.739993
0.622783
0.675273
0.830254
0.637673
0.690043
0.603353
0.587882
0.697883
0.783543
0.716733
0.643383
0.597782
0.753464
0.658683
0.847903
0.729363
0.687473
0.739564
0.776964
0.764173
0.651883
0.586953
0.730394
0.749774
28.144014
0.673403
0.663153
0.844393
0.686213
0.817023
0.996805
0.691053
0.706903
0.759723
0.721113
0.617802
0.615572
0.595192
0.640413
0.786404
0.740953
0.690893
0.796773
0.869334
0.919924
0.713763
0.700873
0.636123
0.923354
0.985135
0.815534
0.805143
0.620033
0.604363
0.928985
0.678513
35.356785
0.692574
0.577742
0.891253
0.720903
0.808263
0.791954
0.754443
0.786153
0.809514
0.823463
0.748093
0.641073
0.707073
0.740224
0.761163
0.977274
0.796514
0.679793
0.676783
0.762133
0.764733
0.875214
0.656353
0.736064
0.942495
0.879514
0.822974
0.730393
25.644262
0.666103
0.737003
0.796613
0.799694
0.808383
0.701693
1.019045
0.743263
0.847194
0.862804
0.715613
0.695243
0.768503
0.978024
0.675423
0.723453
1.069035
0.737433
0.745293
0.962805
0.788423
0.675953
0.621962
0.856184
0.840413
0.671373
0.763734
30.672335
0.749724
0.730654
0.840724
0.721703
0.745184
0.890763
0.738183
0.891934
0.701073
0.715403
0.768884
0.765013
0.780473
0.758673
0.696313
0.763783
0.832364
1.054994
0.749834
0.761064
0.677083
0.787484
0.986905
1.113805
0.719813
0.830524
37.607075
0.905174
0.695863
0.739144
0.704313
0.962485
0.835524
0.907634
0.698963
0.679783
0.751953
0.765664
0.924814
0.793893
0.789303
0.811664
0.723383
0.751704
0.771634
0.718023
0.692053
0.940955
0.894864
0.819554
0.691943
0.725833
0.851573
0.950724
39.841084
39.069672
0.782594
0.736573
0.870844
0.799964
0.826604
0.680303
0.781324
1.038625
0.740793
1.052485
0.776544
0.770884
0.694483
0.867624
0.833564
0.780604
0.653113
0.755614
0.926324
0.887204
34.293102
0.735523
0.823803
0.782453
0.779283
0.936394
0.811763
33.890442
0.851814
0.842144
0.933264
0.912325
0.726143
0.684473
0.848764
0.951374
0.976414
1.061515
0.852093
0.738204
0.673793
0.817453
0.954575
0.702084
0.651293
0.936474
0.881844
1.034665
0.795394
0.707163
0.872414
0.845023
0.795934
38.891541
0.750753
33.328648
0.765373
0.819534
0.764013
0.886984
0.666513
0.739304
0.968984
0.846754
0.892393
0.830293
0.694813
0.754203
0.758014
0.832603
0.866914
0.707003
0.742144
0.805744
0.867294
0.693303
0.842023
0.903644
0.894314
0.707033
0.926404
0.878413
0.783414
0.757164
30.694536
0.853004
0.974804
0.783713
0.706223
0.907194
0.904234
1.010314
0.755294
0.734913
0.906344
0.773644
0.733273
0.745434
0.981095
0.827884
0.928585
0.770844
1.111385
0.940455
1.065925
0.791563
0.756693
0.916964
0.991965
0.842313
0.710703
0.890413
35.094856
0.861913
0.789893
0.751344
0.785314
0.839003
0.842413
0.725204
0.799484
0.927554
0.855923
0.872064
0.801834
0.819073
1.261935
0.807294
0.752134
0.923774
0.831374
1.077985
0.834924
0.768304
0.882244
0.803793
0.930674
0.824164
1.024495
0.787393
1.068765
22.875502
1.115755
0.961355
0.901294
0.899194
0.829484
0.984364
0.779033
0.749483
0.849814
1.073925
0.895784
1.080875
0.814044
0.793653
0.782424
0.849984
0.835663
0.817434
0.938204
0.858984
0.767773
0.866184
0.727323
0.770354
0.779614
0.893764
0.871864
35.443176
0.927804
0.893724
0.809724
0.870574
0.926444
0.832083
0.810944
0.890724
0.734723
0.836044
0.815583
0.857864
0.945604
0.936814
0.828484
0.860164
0.925854
0.771663
0.825144
0.708723
0.892294
0.907244
0.872864
0.890493
0.906015
0.807543
0.761084
35.445156
37.676414
0.834444
0.810683
0.892375
1.270236
1.013835
0.912404
0.846703
1.042155
0.975684
1.091655
0.839564
0.864423
0.750463
0.855443
0.925294
0.899294
0.905544
0.795143
0.812944
0.954144
0.894564
1.221205
0.941824
0.896834
0.903113
0.911614
33.635036
0.840803
1.051295
0.857054
0.872384
0.819003
1.212965
0.912444
0.774634
0.757503
1.030455
0.939544
0.994025
0.762654
0.894644
1.014214
0.889515
1.141725
1.280706
0.748464
0.824604
0.871314
1.059435
1.248846
0.760753
0.786003
0.903034
0.995384
33.406345
1.275076
0.852614
0.990004
1.057604
0.872434
0.913475
0.791394
0.851784
1.041245
1.238856
0.970845
40.312836
0.769473
0.785323
1.034675
1.012795
0.913584
1.043515
0.792403
0.847484
0.811074
1.026115
0.869744
0.891034
0.951824
1.073164
0.894364
34.070110
0.857284
0.943434
0.932764
1.045994
0.824813
0.839183
0.891204
0.839554
1.116215
0.771553
0.990104
0.805154
0.917524
0.858193
0.987925
1.070455
0.774494
0.910734
0.818593
1.137236
0.942655
0.873024
0.870514
0.864864
0.977974
0.987874
33.153927
0.882554
1.045285
1.059034
0.879574
1.060755
0.759044
0.789134
0.819053
27.842684
0.975984
0.902184
0.828823
0.880033
0.984614
1.020704
1.028595
0.898145
0.826873
1.010904
0.825484
1.130185
0.833353
27.982082
1.029084
1.035135
1.162436
34.277222
0.839584
0.943614
0.857743
0.844794
1.033364
0.807444
0.936924
1.013084
0.778113
1.247676
0.982874
0.869834
1.129294
34.670940
0.850284
0.906114
0.817833
0.973345
0.933034
0.899084
1.162505
0.784974
0.847933
1.174026
0.945785
0.984404
30.820847
0.948794
0.974494
1.242786
1.103695
1.244885
0.908564
0.889734
1.156875
1.344186
1.121435
0.850884
0.846454
1.076375
1.236575
1.137285
0.857064
0.946344
0.968445
1.048295
0.981514
0.980134
0.933304
0.914164
0.899724
0.946064
0.922004
0.897964
38.436440
0.948994
1.065615
1.070205
0.927864
1.000015
1.157436
1.055245
0.964734
0.843184
0.861894
0.944615
0.930634
0.887674
0.948484
0.990345
0.989065
1.062925
0.889914
1.280646
0.884494
0.895474
1.021165
0.937785
1.016584
1.015644
0.823134
1.292616
39.321575
0.935074
0.968924
0.825523
0.987254
1.144226
1.084365
1.037574
0.854824
1.004294
1.244745
0.936174
1.073085
0.848024
0.964685
1.097985
1.129055
1.183026
0.962094
0.856904
1.031384
1.062065
1.047744
0.991124
0.923474
1.110885
1.420396
1.065955
1.185846
34.482822
1.061474
0.865163
0.928974
0.924814
1.165865
0.952974
1.023365
1.213666
1.034914
1.178665
0.840773
0.998384
0.912824
0.956164
0.992545
0.917814
1.023274
1.054335
1.163615
1.294776
1.189265
1.020015
0.855614
1.077725
0.984384
0.984134
0.839464
35.718189
1.197795
1.272986
1.126065
1.282556
0.869604
0.988334
1.072514
1.146335
1.045455
0.942444
0.877673
1.329396
1.044045
1.128624
1.134545
0.910184
0.874074
1.145145
1.208035
0.963744
1.230395
1.034945
0.847314
0.895714
0.893054
1.074375
1.033865
31.011827
0.835244
1.041394
1.196945
0.980884
0.904104
1.167545
1.068434
1.182226
26.648977
0.904284
1.063354
1.042695
1.031235
1.212545
0.996614
0.923004
1.454286
1.023445
0.929844
1.313206
0.967825
0.848454
0.893834
0.986294
0.981565
38.867332
0.951734
1.002664
1.078645
1.060245
1.002994
0.995694
0.952814
1.175965
1.067095
0.869374
1.069475
1.379296
1.041035
1.011885
1.083235
1.067335
1.301226
1.105055
0.885504
0.997194
1.503206
1.470997
0.874744
1.036185
1.284066
1.419737
45.371029
0.838214
0.967814
1.100105
1.264195
0.933014
1.053534
1.140496
1.031724
1.113825
0.948474
1.316496
1.129665
1.262896
0.937074
0.870883
2.187739
1.040164
0.921824
1.004944
1.181105
1.042975
0.945724
1.001614
0.868724
1.016115
0.953374
0.898344
39.911446
1.011455
0.958494
0.993734
1.098195
1.085454
1.438997
1.439887
1.032655
29.276279
0.994494
1.314916
0.993414
1.096905
1.065645
1.051055
27.267521
1.320256
1.122115
0.999784
0.993094
23.275614
1.237145
1.252446
1.141865
0.996744
0.963194
1.236515
1.053355
1.508037
1.507037
1.096215
1.020284
1.530647
1.466346
1.610638
0.993654
1.222735
1.439126
1.494127
1.427537
1.262755
28.622847
1.315046
1.258515
1.182705
1.306786
1.048784
1.092925
1.403336
1.073845
1.086335
1.067844
1.112185
1.024965
1.258836
1.172235
1.260736
1.007075
1.016594
1.028784
1.632887
1.552496
1.651747
1.144095
1.099704
1.136825
1.210986
1.073034
1.032454
28.591837
1.309366
1.220035
1.347046
1.032015
1.272065
1.230495
1.915119
1.418166
1.693578
1.091735
1.046845
1.163875
1.479376
1.122974
1.088654
1.083185
1.506747
1.268065
1.538556
1.016644
1.020085
1.293166
1.401986
1.301745
1.170445
1.190925
1.310476
1.117204
1.244315
30.387915
1.002535
1.007875
1.292765
1.387106
1.110715
1.151556
1.115215
1.004814
1.129955
1.256696
1.268245
1.031574
1.282316
1.083445
1.183995
1.009505
0.987355
1.487067
1.119065
1.196586
1.124416
0.967944
1.122975
1.172025
1.307006
1.208616
1.067554
1.063784
31.134657
1.339636
1.569177
24.598667
1.261646
1.560857
1.171215
1.511287
1.345366
1.013864
1.075484
1.471167
1.167575
1.363446
1.048774
1.155625
1.278476
1.277615
1.096505
1.219295
24.346048
1.143305
1.122545
1.162456
1.298636
0.997824
1.136825
1.128575
1.219336
1.277336
32.643044
1.115325
1.096905
1.463887
1.172875
1.241696
1.194665
1.292416
1.561437
1.161575
1.251106
1.085225
1.184846
1.371166
1.267536
1.584987
1.079215
28.266436
1.526206
1.078085
1.286015
1.501936
1.125854
1.325286
1.159665
1.387866
1.555958
1.095745
29.839340
1.426746
1.400026
1.134825
1.102755
1.032144
1.332137
1.606707
1.234915
1.272426
1.152125
1.271715
1.217175
1.177585
1.233626
0.980164
0.920894
1.279536
1.348946
1.064295
37.267384
1.078485
1.018064
1.388656
1.248036
1.090455
1.130145
1.091785
42.839817
1.293866
1.065275
1.109195
0.964384
1.097915
1.278556
1.168135
1.142145
1.200706
1.572977
1.171296
1.240275
0.953875
0.954514
1.489147
1.058565
1.308956
1.289695
1.208285
1.079875
1.320025
1.117175
41.327621
37.776466
1.101485
1.336536
49.579849
1.118734
1.089435
1.318496
1.014724
1.148425
1.249175
1.273196
0.972934
0.969024
1.166045
1.259006
1.324795
1.275296
1.199326
1.095055
1.288936
1.463296
1.101785
1.042764
1.117175
1.114105
50.475502
1.299565
1.205096
1.216945
1.260255
48.426613
1.097155
1.321346
46.189014
1.029264
1.254936
1.344225
1.227885
1.056334
1.033655
1.200815
1.381766
1.195045
1.243036
46.290245
1.118935
1.290025
1.034705
1.348716
1.027965
1.265376
0.984084
1.098605
1.086225
1.015904
1.065425
1.158615
52.222771
50.693863
1.053764
1.279646
1.000884
1.048985
1.185835
1.528527
1.059775
1.502876
37.244423
1.164215
1.151495
1.395386
1.198745
1.005484
1.100695
1.298915
1.134985
1.163316
1.109985
0.966804
1.230805
1.256136
1.203635
1.306686
1.098014
41.535786
1.324146
1.334875
1.699337
1.450046
1.069905
1.435006
1.208145
1.455597
0.962155
1.415276
1.207635
1.126345
1.250055
43.351971
1.586777
33.447746
1.117405
1.178705
1.349505
1.305796
1.096355
1.112984
1.218205
1.467137
1.238665
34.774914
1.321096
1.224445
1.214685
1.285876
1.101994
44.876698
1.320266
1.079885
0.980254
1.157465
1.214516
1.342966
0.997654
1.256406
1.458336
1.295426
1.138335
37.075714
1.054134
1.199536
1.271416
1.104555
1.040265
34.248981
1.141445
1.233995
30.885117
1.166135
1.358506
1.271336
1.054705
1.082665
1.262306
1.372486
1.190275
1.085815
1.381526
1.316736
1.266686
1.025315
1.098165
1.580657
1.305255
1.314085
1.105155
1.303466
1.444676
1.481506
1.268285
1.035034
1.445566
1.491316
27.908632
1.134366
1.168125
1.309445
1.478296
1.045205
1.232256
1.583027
1.268976
1.096145
1.065955
1.140995
1.261106
1.178305
1.194656
1.389176
1.322156
1.465217
1.247755
1.201745
1.548467
1.078054
1.152355
1.384835
1.408616
1.499447
26.830347
1.277236
1.444966
1.485586
1.091845
1.090005
1.493177
1.419046
1.211695
29.536190
1.192126
1.208825
48.754765
1.078264
36.587910
1.290025
1.134435
1.318245
30.741665
1.277885
1.507766
36.231289
1.091195
1.026715
1.148325
1.149705
1.343176
33.846397
1.377757
1.304356
33.163265
1.360486
1.143565
26.605026
1.270306
1.300036
1.113505
25.939745
1.227806
1.354546
1.284206
1.103065
1.066414
1.446936
1.440006
1.190425
1.134834
29.440998
1.339845
39.989845
1.367606
1.295396
1.060685
1.561726
1.422496
1.137445
1.127385
35.107594
1.388266
1.566737
1.114875
1.164235
1.343796
1.285526
31.473940
1.104505
1.091875
1.120245
1.397656
1.080995
1.171805
1.203595
1.197085
1.254485
26.332626
1.225896
1.225495
1.426396
1.346196
1.165845
31.068087
1.245095
1.341286
1.591557
1.148145
1.102995
1.401077
1.458086
1.201695
22.758949
1.548887
1.395106
1.414296
1.315866
1.351036
1.318185
1.459496
1.150976
32.203022
1.094665
21.996717
1.660178
1.416466
1.591367
1.523316
1.187675
1.227505
1.538287
1.382256
32.834156
1.333256
1.712018
1.239775
1.636427
1.159996
1.294635
20.063738
1.641217
1.822568
1.667847
1.617987
22.118757
1.183056
1.360636
1.650468
1.286576
32.013302
1.135475
1.250825
1.194045
1.244745
31.021976
1.199075
1.154185
1.263706
1.554986
1.287405
1.365256
1.169605
1.191606
1.753008
1.625978
1.293986
1.262365
1.087985
1.314486
1.504567
1.368276
1.415347
1.284996
1.376916
28.215004
1.266975
1.566897
1.874758
1.235825
1.310566
1.245635
1.362506
1.350825
1.268376
1.383186
1.408597
1.659897
1.387696
1.515906
1.298695
1.363206
1.666927
1.233036
1.633608
1.134795
1.261855
1.202655
1.440257
1.529707
27.723513
23.010611
1.274586
1.582418
1.164895
1.507657
1.299966
1.137965
1.321646
1.115475
1.615767
1.583377
1.219246
1.215795
1.420126
1.399106
1.259505
1.166905
1.137345
1.145175
1.858958
1.462857
1.523397
1.307905
24.542448
1.303096
1.706477
24.905510
1.272886
1.231015
1.636477
1.711737
1.301705
1.258316
1.175995
1.679357
1.527867
1.780918
1.146025
1.322626
1.671727
1.392156
23.657284
1.452386
1.479316
1.329897
1.370156
1.435436
1.277726
1.205156
21.987219
1.946439
1.946299
1.599087
1.638107
24.688669
1.678127
1.539937
1.391907
32.320801
1.345616
1.332466
1.432687
1.350586
1.495477
1.393686
1.181235
1.382776
1.430356
1.396806
1.466517
21.443865
1.304385
1.654258
28.221893
1.680877
1.595347
1.186155
1.307286
1.548457
1.510247
25.636642
1.566576
1.260085
1.468897
1.529077
1.702377
1.592947
1.364146
1.205865
1.921508
1.932258
1.654477
1.560807
1.377876
1.306396
1.794598
1.275325
1.461226
1.335586
1.302765
1.570876
1.827478
1.290726
1.571747
1.200125
1.451447
1.519627
1.492236
1.825688
1.596307
1.418947
1.503477
1.634337
1.716457
1.380326
1.325415
1.292916
1.502807
1.381896
1.627157
1.316386
1.480847
1.482596
1.499957
1.669108
1.571237
1.185575
1.206415
1.495797
1.607677
1.845098
1.433836
1.573637
1.430576
1.710107
1.342446
1.618578
1.318326
31.428040
1.493476
1.502797
1.361836
1.309126
1.511277
1.511237
1.525466
1.729608
1.254495
1.323046
1.417046
1.326176
1.635987
1.255036
1.401356
1.440337
1.499737
1.420187
1.407136
1.587307
1.374885
1.424426
1.381906
1.638847
1.290195
1.379146
1.685368
1.477827
1.499646
1.469346
1.230065
1.272585
1.390985
1.553137
1.368406
1.468906
1.292415
1.379456
1.373636
1.574537
1.837998
1.325736
1.337946
1.304625
1.397336
1.574957
1.325656
1.260166
1.303895
1.498916
1.444806
1.494337
1.377166
1.287445
1.237236
1.710648
1.486897
1.482386
1.229836
1.279135
1.275355
1.631517
1.389376
1.558876
1.288785
1.267165
1.491397
1.754938
1.410686
1.244735
1.283666
1.330876
1.249266
1.501957
1.502426
1.506126
1.401456
1.522087
1.594977
1.473267
1.346196
1.282675
1.617628
1.437347
1.416397
1.677468
1.224776
1.607567
1.559807
1.882038
1.482156
1.233845
1.223745
1.645028
1.604637
1.463237
1.725987
1.298685
1.186525
1.532097
1.634557
1.374526
1.580257
1.281866
1.483077
1.310626
1.667337
1.252915
1.452126
1.430676
1.297076
1.383486
1.774188
1.557847
1.707728
1.354616
1.410216
1.534777
1.597227
1.257145
1.293536
1.487337
1.627828
1.327706
1.324096
1.305375
1.711898
1.429396
1.383856
1.303435
1.564337
1.705547
1.440087
1.224416
1.450367
1.357655
1.706918
1.295645
1.304336
1.915258
1.469016
1.592937
1.307206
1.349476
1.507456
