10.182142
7.648230
9.204388
8.019924
11.349201
7.637739
10.870695
7.245064
9.655237
9.449959
13.176680
8.060217
11.368275
6.679535
9.803295
8.198500
11.542320
9.744883
9.944201
6.733179
9.434700
7.715225
10.053396
8.160353
10.074139
8.021116
9.847403
7.039547
9.869576
8.403540
10.889292
8.053064
9.275198
7.485628
10.644197
9.234428
9.528160
7.033348
12.292862
8.210897
11.433601
7.080078
9.280205
7.659674
10.203123
7.673502
9.263754
7.374525
10.484934
9.164095
10.309219
7.284403
10.177851
7.462263
10.320187
6.883383
8.313179
7.648706
11.149406
7.294178
8.301735
6.414890
11.147022
8.218765
10.300636
6.591558
8.452177
7.873774
11.091232
7.025957
8.511066
7.450819
10.067463
7.964611
8.978128
6.135941
9.883165
9.256601
10.506868
7.046461
9.000063
8.365154
10.092020
6.646395
8.796453
7.614136
10.965586
8.656740
9.474039
7.143497
10.602236
7.144928
10.308504
6.999016
9.421110
9.892464
12.440681
7.029772
9.537220
7.852793
11.494160
8.142710
9.039879
7.552147
11.731386
7.557631
10.134220
6.821394
9.042501
7.867336
10.366440
7.733345
8.935690
8.070230
10.881186
9.597540
10.766029
9.978533
10.584593
9.826183
8.907795
10.396957
13.058662
9.217262
8.895636
6.722450
9.360552
8.243799
9.875774
6.286860
8.091927
7.113695
8.496284
6.831646
7.500172
6.773233
7.777929
6.632805
7.473230
5.728006
9.102583
6.737947
9.241819
6.559849
7.773876
7.270813
8.248568
5.896091
7.887125
7.091999
8.899212
6.896496
7.592440
6.408453
8.670330
7.366657
7.745504
7.277727
10.191202
7.261276
9.221077
5.892038
7.478237
6.832361
8.992672
8.754253
8.129597
6.231308
8.790016
7.339239
9.739876
5.664349
8.101463
6.621838
10.573864
6.050825
8.198500
8.684635
9.414911
7.616043
8.599520
5.939484
10.513306
7.968426
8.426428
6.382227
9.700775
7.409096
10.937691
6.383657
8.985996
7.812262
10.370731
7.066250
9.099007
7.820606
8.878231
7.830858
8.336306
6.018639
9.019136
7.353544
8.386612
6.210327
8.635521
7.060766
9.181499
6.424904
8.106709
7.970810
10.373592
7.711411
9.197712
8.925676
12.374640
8.438826
11.635542
8.544922
13.102770
9.686470
14.045477
11.099577
11.494160
9.098291
12.514830
9.681702
14.226437
10.995388
14.266968
9.827852
17.137289
16.309261
11.142254
10.268211
14.241934
9.321451
14.842749
8.852243
14.692068
12.544632
18.820047
15.271902
13.910294
8.722305
12.564659
12.313843
12.795925
10.151863
13.328552
8.987904
13.680220
11.792898
14.572382
12.269974
12.532949
9.367466
14.685869
10.083675
13.324976
11.535883
12.698889
10.911465
15.854120
12.171030
14.617920
8.923531
11.945009
9.651423
15.184641
9.408951
15.582323
8.770704
14.489889
9.649754
13.060331
10.037661
12.024641
8.695602
13.602018
9.879351
13.825178
9.401560
12.509108
8.618832
13.566256
11.708498
15.567303
9.141207
19.727468
16.382456
15.390158
9.756565
15.799046
11.102200
13.281822
11.590004
14.113188
12.074709
11.878729
9.539366
15.228510
11.039972
16.888618
10.665178
12.544155
11.157513
14.008760
11.257172
15.170336
9.203196
14.252424
10.058403
14.304876
10.245085
14.957905
10.002375
11.651754
9.270668
16.175270
10.645628
14.419556
9.229422
13.785362
11.796474
12.697697
10.046959
12.743235
11.085749
13.950109
11.290312
11.620998
8.482456
12.928486
10.159016
16.068935
9.435177
17.800331
13.373613
13.728619
11.322975
17.004251
8.929968
14.167547
10.176897
16.501427
10.412455
14.639378
9.250879
12.159824
11.266947
14.850140
11.535645
13.243437
9.556055
12.109756
10.897398
15.008688
9.601355
12.050390
9.694815
13.764381
10.136127
13.343096
10.327101
13.713121
8.582354
14.428139
10.449409
12.917519
10.458708
10.906219
10.029554
15.033960
28.225183
14.416933
8.941174
11.950970
10.185957
19.294739
10.859489
14.887094
8.457422
13.628006
10.663748
12.593746
9.954214
10.815859
9.456158
13.581038
10.878563
14.975309
8.604765
11.139393
10.172606
13.429880
9.147167
12.522936
7.994413
11.739731
10.041237
12.845516
9.400129
10.220289
8.421183
11.670589
8.930445
21.994114
15.526533
11.780262
8.041620
13.201237
9.699106
13.739347
7.939816
10.837555
9.038210
12.884378
8.973360
10.570288
7.781506
14.002800
8.421898
12.900352
9.715557
10.930300
7.879496
12.037039
8.811235
11.914253
7.301331
10.591745
10.108709
10.956526
9.044647
11.903763
7.802725
10.103226
9.269238
13.197660
30.739784
9.085417
8.586168
11.767626
10.308504
9.699106
9.082079
11.859179
10.595798
12.748480
12.288332
9.677649
7.892370
11.599779
8.748293
14.766216
7.391453
9.238005
9.133339
9.892464
9.543419
11.909246
7.521868
12.141705
8.316994
10.496378
9.087324
9.477377
8.129358
11.067390
7.649422
12.456894
8.532286
17.988682
22.237539
10.947466
7.781982
10.839224
7.251263
11.381388
9.350777
10.147572
8.807182
8.731127
6.776571
10.251999
7.162333
10.114908
6.697893
8.742332
8.175611
9.592533
7.887840
9.963274
7.036448
11.087179
8.526564
9.649754
7.760763
9.254694
6.805420
11.636257
8.277893
11.721611
31.064034
9.330034
6.437540
12.304544
8.073807
9.423733
7.765293
10.140896
8.500814
10.782003
7.835150
12.185335
6.803751
10.904551
8.425713
11.329412
9.068727
9.152889
7.173300
10.734558
7.790327
10.406494
10.733604
11.126280
8.924484
10.200024
8.367777
13.295174
6.755114
10.933161
18.208742
12.224436
9.807587
11.195183
7.972479
10.324478
7.610321
10.313988
8.165359
11.437416
8.315563
10.666847
7.535219
10.700941
8.703470
12.852669
7.294893
11.292458
10.414600
10.253906
7.561445
11.671066
8.795023
15.085697
8.231878
9.995222
9.148121
11.813402
7.368565
9.137154
8.605719
23.453712
20.456314
10.751009
8.582592
11.305094
8.829117
10.574341
8.107662
9.880066
8.707285
13.108015
7.935524
10.593653
8.035898
27.771950
28.232336
9.913921
7.553101
14.859438
10.342121
11.673689
18.926859
10.495186
9.662151
13.914824
7.447243
11.030436
9.190083
13.205528
8.647919
10.545015
7.838488
12.951136
8.397102
10.808945
7.821321
14.021158
9.014130
11.557817
7.680416
11.960268
8.588314
11.837244
7.430077
9.350300
8.389950
9.969950
8.185863
9.075165
7.657051
10.698080
7.803679
12.586355
12.835503
10.300159
7.979631
9.254694
6.134510
12.368917
8.424759
10.194302
6.815195
8.236647
7.412910
9.931326
6.959915
8.259773
7.317305
10.252953
8.028507
7.689714
6.784439
9.463787
7.896662
9.583235
6.685495
9.914875
7.981539
10.096073
7.916689
9.005547
7.004499
14.892101
22.037029
8.095264
6.706476
8.805752
7.861853
8.886337
6.544352
8.483648
7.489204
9.582520
6.759167
7.396221
6.600142
9.460449
6.448507
9.089470
7.401228
7.358313
7.320166
10.032892
6.755352
9.087801
6.364346
7.929802
6.822586
8.869648
7.074833
7.948160
5.915880
8.930683
18.615723
8.900166
7.234812
7.663250
6.863117
10.690451
25.773525
9.088755
6.124735
7.768869
8.521557
9.650469
7.154465
8.541584
6.704807
8.748055
7.095098
9.642363
7.503510
8.093119
7.351160
8.937359
8.948326
10.824919
6.706238
9.440899
8.121967
9.255409
7.155418
8.745432
6.457090
8.874893
7.645845
11.333942
9.229660
9.150982
7.324934
15.686274
18.604517
10.484695
7.426977
9.522200
8.673668
12.626410
9.363174
9.794712
7.670641
13.919592
8.131266
13.213158
10.390759
10.773659
9.975195
13.906956
8.662224
12.222767
7.457495
10.190010
9.734154
12.284279
19.675970
11.066198
7.802010
10.629892
8.648157
11.901140
8.208513
9.566307
7.783651
16.368866
16.509533
13.032675
7.122040
11.852980
9.231806
10.588408
8.074045
10.046244
8.162975
11.312246
7.971287
14.696360
7.783651
11.023521
18.703938
11.125326
8.505583
9.651184
7.705688
13.665915
9.505987
11.667490
6.971359
9.565115
9.088039
11.031628
9.105206
13.855934
8.409500
10.889530
8.319378
12.732506
9.346724
9.797573
7.692337
12.940168
8.940935
11.374712
7.329226
10.772228
8.655071
12.498856
25.429726
13.350487
7.795572
9.958744
8.650541
11.316538
9.179592
10.174751
8.300066
14.394999
8.823395
10.937214
8.326530
9.254456
8.430958
11.315584
7.464647
11.652231
7.034779
9.799242
7.900238
12.504578
8.299112
9.788036
7.262230
12.924910
11.031866
10.197639
18.376589
9.756804
8.262396
13.469219
7.922649
12.770176
7.829905
11.080980
10.165930
11.725187
8.372068
9.963274
7.927895
10.933876
8.183241
12.207985
8.672237
10.803223
8.633852
14.944077
8.404016
12.153864
8.466244
11.090755
8.165598
12.208462
8.350849
11.906862
7.836819
14.638424
17.485380
13.859510
9.336710
10.272980
8.009195
12.670994
8.456945
12.929916
10.333776
10.242939
8.469582
12.484074
8.312702
13.024330
9.127855
13.269901
8.348703
11.551142
7.306576
9.902000
8.677006
11.348486
9.119034
10.807514
7.324457
11.798620
8.374214
11.677027
19.572020
9.855509
7.537127
12.987614
8.518934
13.412952
7.334232
9.997845
9.957075
11.929274
8.843660
13.146400
8.036852
10.374546
8.110046
12.553453
9.075165
11.869431
8.394480
13.889551
10.620356
12.361765
9.374857
10.928392
8.075476
14.627934
9.909391
19.328594
15.455008
10.886669
9.297371
12.583256
9.227991
19.241810
15.197039
12.849808
10.526896
14.097929
9.261370
17.568111
14.296770
10.536671
9.902477
14.347792
23.886442
11.860609
8.322001
14.847279
8.991241
12.502909
8.089304
12.496233
9.782314
13.144016
8.596420
14.086962
7.978439
15.458584
17.388105
14.289618
9.952307
10.720015
17.511606
15.441895
9.969473
16.216040
9.788036
18.163681
14.945745
14.183998
9.138823
12.902498
8.784056
11.462450
29.316664
17.715454
9.801388
15.501499
8.121252
13.223171
9.689569
12.912273
10.473728
12.060165
9.961128
16.304255
10.635614
16.182184
9.850502
12.751341
8.814335
14.348030
10.613441
15.501499
12.168169
17.377615
9.747028
11.426210
11.120319
19.378662
12.870789
14.253378
9.952307
16.430855
12.304306
22.489548
19.796848
17.117739
10.930777
16.387701
10.193825
18.334866
10.806322
17.635584
10.717630
14.904499
10.768414
15.828609
11.281252
13.411522
10.097980
16.782761
14.477968
20.655870
11.226892
13.595819
11.149168
17.040253
10.291576
11.791229
10.414839
16.905546
11.513233
14.959812
10.311127
25.633812
27.226448
13.706923
9.212494
15.288830
12.123108
14.847279
10.565042
16.007900
11.149883
17.737627
10.303020
13.895273
13.202667
16.844749
11.755705
12.735605
12.713194
15.127897
12.398243
16.870975
11.039734
15.913248
34.851551
12.482643
9.848118
16.211510
12.455702
19.886494
11.444569
13.361692
10.421515
15.886068
9.908915
12.485266
11.633158
16.185760
12.371063
13.588190
9.118795
24.284363
10.530949
14.025450
8.890152
13.358355
13.636112
14.962912
9.151936
12.680292
10.275126
18.004179
13.288498
12.831450
25.953054
14.306068
10.300636
14.158726
9.066582
14.580965
10.682821
18.661976
10.041714
11.774778
9.452820
16.677856
11.177778
16.319513
10.037422
15.745163
12.878656
18.858433
10.950327
11.785030
9.788513
16.272783
9.590864
16.815186
11.526823
13.654470
8.540154
15.258312
9.829760
15.640497
20.212650
13.125420
11.461258
13.582706
12.508392
18.704891
10.536432
16.644239
12.379169
17.287254
11.610270
14.251709
10.807037
18.293858
11.516571
17.380953
11.023045
15.297174
11.228561
16.824484
10.541677
15.016317
9.861231
15.661478
12.061596
18.629789
11.530638
16.738176
10.005713
12.951612
30.009747
16.252995
12.854815
14.190912
9.813786
16.467810
11.161804
16.787291
10.902166
13.776064
11.851311
16.170025
11.040449
14.637470
9.537220
12.889624
9.993553
17.667770
10.354280
12.722492
10.081053
15.437126
10.422945
15.897036
9.100676
13.694525
11.028290
22.170782
11.962652
15.058517
9.418011
17.651320
18.273354
13.135433
9.948969
12.485504
11.708736
15.426397
11.793852
14.256716
10.190487
11.557341
9.591818
16.429424
10.744572
16.062021
11.327744
15.890837
10.338545
14.493942
9.032965
13.737917
11.774063
13.489485
10.907888
11.850357
9.388685
15.531063
10.087490
15.057564
10.634661
12.758255
9.654522
22.202969
20.342827
16.380787
7.942915
12.142658
10.342836
13.519526
9.328842
13.530254
8.586645
13.686657
11.035204
13.550520
10.740757
12.284040
8.370161
12.518167
9.065866
12.348890
8.060217
12.074232
10.935068
13.871908
10.131836
17.320633
8.812666
12.270212
10.691166
15.221596
9.793520
13.837576
23.153067
14.051199
10.372877
16.727686
9.491682
11.763573
9.433985
14.448404
12.470722
13.295650
8.441925
11.930943
8.761406
16.172647
9.796619
12.429476
8.570910
13.352156
10.932446
13.923168
9.123564
11.571646
12.273550
15.790462
10.535717
15.406609
9.178162
14.965057
9.525299
16.631842
36.868334
18.466234
16.398430
13.548613
10.672569
13.799191
12.057304
15.089989
12.466908
15.082836
38.519621
16.530991
25.943279
12.430906
11.471272
16.087055
11.164904
15.019894
23.940086
12.322187
10.449648
17.422199
11.463165
18.810987
16.891718
16.073704
11.001110
26.565075
22.024870
14.178276
20.196199
15.362978
14.114141
24.749041
16.130209
15.610933
29.936552
17.719746
10.535717
14.614344
27.068377
18.445730
10.504246
14.507532
9.507418
14.032364
26.374340
17.392159
10.518312
13.832092
9.344816
15.621901
9.611368
17.948389
9.942532
13.293266
10.719061
17.171144
10.554314
14.321327
9.142876
14.424086
10.648251
17.631531
9.802341
12.714148
8.770227
17.593861
10.240793
16.808271
9.080410
13.836861
10.928392
14.754534
11.362076
14.621496
8.893728
19.497156
19.474745
14.892578
10.642290
12.847662
8.679628
14.133453
9.910822
13.547897
8.247852
11.825800
10.408640
16.188622
10.568380
12.463093
8.817434
13.937712
9.311914
11.546850
11.183739
12.918234
9.288311
16.490698
10.205030
13.454914
10.590076
11.543989
10.137558
15.972137
10.482550
13.912916
11.127949
16.834021
19.407988
16.625643
13.008595
17.907858
9.644747
13.170242
10.579348
16.202688
13.097525
16.646624
10.278702
17.244816
10.069132
17.843962
9.731054
12.452126
9.587288
16.155481
10.263205
17.477036
10.188103
13.577700
10.366678
14.704227
11.434793
13.975382
10.167837
15.281200
12.729645
15.788555
28.632402
18.442392
12.161732
14.026403
9.715796
16.809464
11.111975
15.166998
10.477066
17.629385
12.903214
18.735647
10.298967
14.333248
11.955023
17.099380
10.410547
13.546467
12.557745
15.528917
15.154839
15.373945
10.679007
15.144587
10.724306
14.174700
10.315895
15.508413
12.121677
14.789104
9.588480
17.049551
19.790411
15.130281
10.413885
13.587713
10.735989
15.503407
11.288643
12.156487
9.881258
14.330626
10.996342
13.273478
10.090828
15.860796
14.093637
15.151501
11.305094
22.423267
24.694443
15.641451
10.146141
11.515856
11.185646
13.844967
11.021376
13.868570
10.517359
15.674591
12.199879
14.151573
8.469343
13.791084
11.405230
12.718916
9.807825
12.183666
10.675192
16.004801
9.984493
15.208006
11.479139
13.586283
11.452198
14.484167
11.360645
12.637138
9.366989
20.213842
18.886566
12.301207
9.406805
15.429020
10.103941
15.566111
9.802580
13.079405
10.234833
15.276194
10.634899
14.999866
11.083126
14.491081
10.994434
15.105724
10.889292
14.453411
12.335300
21.791220
16.294479
12.008667
35.521984
14.139414
10.758877
15.542984
10.532141
15.087843
12.578964
17.479420
35.440445
12.615442
9.678125
14.614820
12.121439
15.628338
12.439251
15.288115
31.580210
12.915611
11.499405
15.280008
9.906292
13.003826
10.675669
24.009943
22.232533
14.890194
10.203600
13.975143
9.722710
17.686605
11.776686
12.267113
10.227919
16.041756
11.504650
15.200138
12.045860
15.544653
26.931286
15.248537
11.364222
13.921738
10.296583
12.903214
12.581587
14.568806
10.502338
14.214754
9.490013
13.331890
9.920835
11.842251
10.979414
13.203144
10.693073
16.744137
12.250185
13.350010
9.013176
13.163328
11.770487
14.988661
12.043238
16.489983
10.042906
14.146328
9.802580
13.689280
10.883331
17.600536
16.319990
15.002012
11.852264
13.642311
9.359837
11.926174
11.087179
18.888712
11.582851
17.186642
9.244442
13.965130
11.269093
16.082048
11.848211
12.396574
9.626627
15.295267
12.155771
12.933731
11.383772
12.660027
9.392500
16.958237
11.387587
17.061234
11.322021
12.470007
11.489868
13.540268
35.043955
14.849901
11.027336
15.916348
11.275768
13.285875
9.260654
12.801647
10.274172
15.707731
10.305882
14.191866
10.729313
14.831543
10.868311
15.446424
10.043621
12.315750
10.365248
15.593052
10.442019
14.009476
8.656502
13.956070
11.146784
13.723373
9.603739
13.194799
10.052681
14.137983
11.796713
14.250040
31.412125
12.822628
9.984016
15.718937
10.827303
13.885975
9.687901
14.504910
10.589123
15.745640
10.992765
12.438536
10.763884
13.001680
9.893179
14.922857
9.462595
12.568474
9.175062
14.820576
10.712624
14.691114
9.133101
12.434959
11.600971
13.308048
11.177301
16.322851
8.945942
17.241240
26.527166
19.445658
11.935711
13.319731
9.314537
18.378973
10.221243
13.911724
11.190653
11.562347
9.232998
15.672922
10.834932
14.525175
11.229038
12.399197
10.537386
15.572786
11.592865
15.637398
8.861303
11.077166
10.202169
12.267351
10.254383
11.105537
8.898258
30.269146
27.094364
13.725042
11.288643
11.286736
8.048296
14.287472
9.027004
12.582302
8.821964
12.150049
13.156891
12.635231
10.480642
11.083841
8.966446
14.936686
11.330605
15.844345
10.371685
11.370659
8.918285
12.272835
10.176897
13.845921
10.104895
14.247894
37.006855
13.271332
7.361650
10.451794
9.545803
13.180971
10.047674
11.721134
8.282185
12.387037
10.003090
12.977839
10.113239
12.238741
9.831905
14.899015
9.565592
13.064623
8.020163
11.692524
9.340525
12.052774
9.519815
14.503241
8.590698
12.701511
9.328842
14.688253
49.267769
23.163319
19.063711
14.076471
9.940624
13.858557
7.956028
10.730743
9.941101
12.755632
9.879827
15.296459
8.566618
11.030197
8.151293
11.777878
8.295059
11.522770
8.651495
12.561321
9.452581
11.532307
30.723810
10.207891
8.458138
13.903618
10.727406
13.906240
7.760763
18.074274
28.252602
12.321472
9.302139
10.888338
7.886887
10.944128
10.068655
13.036966
8.211851
10.614157
7.878780
11.661291
9.464264
11.659622
7.415295
9.419441
7.921934
11.314631
8.920908
13.731241
8.150816
10.659456
9.493351
12.345552
7.931948
18.748999
16.066074
20.281315
29.240608
13.908625
9.706497
10.585546
7.950544
11.794567
8.078575
15.103817
8.063793
10.561228
8.074760
11.275291
8.392572
10.860443
6.980658
10.083914
9.166479
11.632681
7.876396
13.361454
8.631706
11.959791
7.229090
12.834787
8.586168
14.976025
8.392096
9.657621
34.649849
12.142658
6.914139
12.242317
8.594990
12.841463
8.563757
10.304451
7.048607
13.268471
8.221388
11.546135
7.055283
14.823914
8.326530
10.972023
6.802320
11.190891
7.706404
10.824680
7.734537
11.721611
7.462025
10.528803
7.102489
10.608196
8.029222
13.449669
38.315296
10.967016
7.282019
12.096167
7.590294
11.077404
6.599903
13.494730
8.284330
12.613297
7.132769
10.083675
9.052277
14.103651
6.904602
10.507345
8.514166
12.542486
8.751631
11.056662
6.736279
11.762857
7.745028
8.042097
7.034779
11.462688
8.942366
10.065556
6.435871
20.833969
27.096510
15.930653
8.159161
10.519505
10.086298
14.067173
7.696390
10.213614
55.289030
15.809536
9.747028
10.637760
8.019209
11.069298
9.068489
9.487152
7.110119
13.276339
10.329962
13.436556
7.846594
11.151314
8.992195
13.249636
8.478403
18.142462
10.865211
24.104834
28.837442
11.180401
8.732319
12.773514
9.523392
14.462233
11.124134
11.833668
10.730743
13.026953
10.548353
12.792110
8.671045
14.033556
10.793686
14.533997
10.787010
10.705471
9.338856
13.804197
10.466337
14.524460
12.520313
12.628078
9.243488
14.153481
11.144161
25.362015
23.679972
13.350010
9.456158
14.667988
11.161804
13.362646
9.526730
12.504101
13.175964
17.082453
12.090921
18.341780
10.852814
13.047218
10.578632
14.819622
10.883093
13.026714
10.572433
17.699480
12.446642
13.924360
9.854317
12.400866
8.569002
16.837597
10.901451
27.154207
22.181988
11.557102
9.969711
14.732361
10.856152
14.492512
9.740829
13.814211
11.622429
13.821363
10.822058
15.161514
10.433912
15.581369
10.989904
15.150070
11.786461
13.164997
9.759426
14.241219
9.379387
14.932871
10.251522
12.084246
10.944366
14.912367
11.407614
28.012037
19.907236
12.326241
12.354612
16.698599
12.893200
13.399124
10.412693
13.709068
11.090040
16.724348
11.934042
19.329548
17.161369
13.242483
10.206699
14.046192
14.042377
12.310505
9.496212
16.866446
11.769056
13.886452
8.562088
14.775276
11.222124
14.981031
10.806322
18.895149
27.215958
12.009144
11.142731
16.417027
8.563757
11.177063
10.195732
15.262604
10.643005
12.059212
9.689093
17.484426
11.635780
15.984058
12.335300
12.738705
10.806561
15.204906
9.901762
14.302969
9.902239
12.298822
9.923697
14.607668
10.089636
11.482954
26.127815
15.447378
10.487318
13.583422
11.139154
12.257099
9.935617
14.788866
9.887218
25.504827
19.034147
12.012005
11.483431
15.174866
10.614634
14.336348
9.497643
11.249781
10.363579
15.608788
11.775017
13.513327
10.495663
24.653196
23.426771
14.763355
11.025190
21.074772
18.566132
14.133692
12.303591
11.866093
8.592129
12.361526
9.485960
13.694763
11.097670
14.930964
8.945704
13.224840
12.356997
27.179241
24.975061
12.370586
9.952545
14.970779
11.522293
14.409781
10.360479
11.653423
12.738705
14.977694
10.621309
16.005754
24.497747
13.935566
11.124611
15.200853
16.443968
13.733625
9.655476
18.977165
11.836529
14.436007
9.872675
14.469624
11.555672
19.206524
12.475491
17.043591
8.829832
11.841774
11.021614
15.450716
11.841059
13.798714
12.276411
17.004490
13.100147
17.823935
13.108492
15.453100
34.089804
15.618563
10.955095
12.466431
11.209965
17.153025
13.416529
16.370535
11.904240
15.485764
12.259722
15.076876
12.696505
14.218569
10.100603
17.431021
14.206886
16.011715
12.306452
13.224125
10.206223
15.319347
13.626575
17.431736
11.301517
18.314123
15.470028
19.602060
47.396660
14.447451
10.740995
13.713121
12.204647
15.418530
14.287233
14.323950
10.977745
15.620708
11.303663
16.544580
12.832880
15.928268
12.378454
18.907785
15.710115
15.774250
9.940386
12.826920
13.436556
15.139341
12.114286
14.642477
10.945797
20.031452
14.195919
20.381212
13.465881
23.737431
28.294563
18.423080
11.089325
20.286798
11.672974
14.794588
11.597395
17.148733
14.469862
16.783953
11.084557
16.964912
14.915466
15.892267
13.583422
14.777184
12.927532
18.556833
19.645691
16.867638
10.125875
16.502380
13.983250
19.872665
12.578964
16.125441
10.842085
28.120756
39.279699
16.429901
12.759686
14.951706
11.456728
16.980171
13.065100
19.092798
10.493994
16.436815
13.278484
19.292831
14.545202
15.397549
12.167692
15.381336
12.650967
17.723083
10.917425
16.306639
16.375542
13.565063
11.843204
17.755032
12.303114
15.860081
10.612011
22.656679
34.159660
18.892288
11.129141
14.261484
13.175488
17.169714
12.743950
14.223099
26.211977
18.490314
13.327122
13.844252
10.418177
15.386105
12.844324
20.188808
11.464596
15.594244
13.431072
17.849207
10.632277
14.670849
14.278412
18.832922
14.096260
22.255182
39.063454
19.120932
12.412548
16.241074
10.499001
19.456625
12.995243
16.713142
9.889603
17.463446
12.194157
19.647837
12.156487
14.359713
13.497591
19.312382
15.007257
14.270067
10.527611
20.014524
13.567448
14.742613
13.839245
19.110918
13.435602
16.299486
35.552740
15.021801
13.643503
19.742012
12.683868
17.329454
12.938023
18.343449
10.369539
13.451099
15.195608
18.135786
11.778116
16.149282
14.415741
20.201683
11.426687
13.263464
11.282682
16.705036
16.937733
16.434908
9.859562
13.170719
12.985229
17.333508
11.902094
17.073631
55.113316
18.246889
12.356520
16.582966
11.275768
17.495871
12.817383
18.245697
13.557911
25.663137
41.352034
17.654181
11.502743
16.395330
12.346983
19.073963
46.668768
19.615650
13.147593
16.063452
11.844873
26.998520
35.771132
19.532204
13.917446
15.280247
13.787746
18.964052
12.560129
19.126415
13.162136
17.592192
15.166521
21.742821
13.936758
14.028311
10.997534
21.614552
13.837814
19.439697
14.011383
15.466928
40.210962
19.443750
13.847828
20.431280
11.546373
15.635252
15.582800
21.683455
14.436722
16.726494
11.776209
14.368534
12.364864
18.879414
14.252901
16.241789
11.159182
19.402027
13.049126
19.618750
15.699148
17.690897
11.051655
20.901442
13.273239
18.524647
11.198044
17.375231
42.178154
22.889376
19.229650
17.098427
12.924671
17.803907
13.337135
21.030426
12.956619
17.202616
12.518167
18.605471
12.853384
18.647432
11.751413
15.551567
13.823509
24.935007
13.443470
19.416809
10.843515
16.896009
13.386488
21.768332
12.280464
15.864134
12.027264
21.892309
14.912128
19.557476
25.133610
15.555143
12.749672
23.011923
11.446953
18.089771
11.626482
16.575336
14.618397
18.550158
13.237476
16.575098
13.927460
19.176483
13.413191
14.646769
11.118889
18.450260
13.584137
23.723364
12.466669
15.513182
11.792421
16.771078
13.331890
17.745495
10.229111
14.062166
14.204025
28.608561
29.650927
17.991066
28.548002
19.232750
13.109684
19.722939
14.169693
14.753819
13.340235
19.720793
12.088776
15.705585
13.966799
15.996456
12.677193
20.941734
15.324354
17.091274
11.220694
29.051304
28.463840
21.023273
12.883902
15.045881
11.568308
20.239592
12.019634
18.566847
11.977196
20.425797
30.651569
18.416405
13.770103
14.296532
18.405914
16.747475
12.513161
20.735502
12.732983
14.031649
9.601831
23.188114
14.758825
16.744375
11.645317
18.102646
34.404993
20.615578
12.892962
15.274763
9.909868
20.349264
13.775349
15.738964
14.003754
15.790224
9.528160
27.944803
26.978731
18.792391
9.196997
17.240524
12.462854
19.208431
12.209177
18.367290
9.062529
12.172222
13.652563
16.228437
12.412310
14.671564
9.224653
17.103910
13.525486
16.575098
9.249687
18.838882
20.898104
21.703959
13.262510
17.262936
27.616739
17.124653
11.488438
26.345968
27.609825
21.097660
10.129929
13.706446
10.289907
17.848015
15.155554
20.410061
21.574497
16.397476
10.604620
13.875723
8.853912
18.605947
10.444880
18.927097
14.780521
14.256954
9.695530
16.685247
12.106657
19.874096
26.556730
19.545317
33.366919
15.531540
45.648098
17.890453
13.368607
13.159037
11.504412
37.238598
11.940479
13.905525
9.617090
18.797159
11.960030
19.802809
11.362791
14.649153
9.089470
12.617350
10.801554
15.872478
8.252621
12.910128
22.755146
18.814802
43.752193
18.599510
11.228085
11.462450
9.721518
26.851892
30.207634
13.770819
26.764870
16.006470
12.403011
14.319420
8.694410
11.764526
7.877111
13.684273
11.504650
15.550613
9.366035
22.974253
36.632776
15.071392
9.532213
13.399363
8.586168
13.042688
10.571718
13.346910
9.458780
11.934042
8.071661
14.030933
48.564911
28.739214
25.364399
12.438536
7.093906
12.406826
10.857582
14.812708
9.370089
10.806799
41.955233
15.439987
11.040211
13.206720
8.430004
10.541677
9.817362
15.317678
10.123730
11.144638
7.593870
11.328936
8.211613
13.911009
8.919239
12.083769
7.634401
25.164604
36.245823
13.931990
8.973122
11.491060
9.035587
13.854504
9.796619
11.069298
9.486437
12.916565
7.311106
10.468483
9.164095
28.742790
35.899162
19.133329
17.257452
12.078524
10.842562
11.499643
7.691383
13.887882
9.178400
13.649464
7.005692
25.509834
32.974958
13.157368
7.925034
10.578394
9.787083
25.681973
32.766342
10.525465
7.704973
12.477398
8.719921
10.854721
7.356882
11.643887
8.385420
11.120558
6.680727
24.124861
30.797482
11.652231
7.493019
10.203600
8.418560
23.090839
36.974192
9.979725
31.449795
13.087273
8.070230
9.878159
6.438017
10.688782
6.737232
11.003017
6.756306
11.603594
7.621050
11.507988
6.417990
9.025812
7.040024
11.847734
7.735014
11.842251
7.956505
11.634350
7.729053
8.298874
6.652832
10.555029
7.648468
9.912014
26.240110
12.049437
8.199453
11.212349
7.473946
11.734247
7.661343
11.444092
6.981850
9.153843
8.297205
10.453939
7.041693
10.084867
8.213043
10.617018
8.323193
9.408236
8.341789
11.471033
6.851912
10.459423
8.349657
11.603594
9.028912
9.620428
49.607992
10.218382
8.685589
10.230780
7.169008
13.667345
9.133577
12.417793
7.169247
15.753031
25.548935
12.245178
28.558254
10.576010
51.217318
11.779785
8.316040
10.933638
29.309273
13.405085
8.301735
23.611307
18.100500
10.676622
8.829594
11.367798
6.983757
16.984224
30.889273
11.468887
39.512396
9.118557
6.756306
23.348570
27.139902
10.164499
7.981062
25.235415
30.330658
11.745214
7.836103
10.111570
8.663893
13.288021
8.916616
11.209011
7.920027
22.043943
31.087637
23.750782
15.737057
9.738207
9.635687
14.569521
8.037329
9.114742
9.932280
23.840904
21.863461
11.690617
7.853985
13.668060
8.583069
13.040781
21.128893
9.806633
8.830547
13.687134
8.600235
10.912657
11.767149
13.382912
8.781672
10.724783
26.439905
12.320042
9.056091
16.215563
8.519411
11.235714
32.398462
12.355328
10.987043
11.655569
7.884741
11.240721
8.703709
13.994217
9.829521
23.391247
20.759821
13.604403
11.526585
12.391090
9.442091
13.941526
8.153915
12.546539
22.987127
11.996031
33.252239
11.816025
9.329557
13.650417
6.709814
9.573221
7.560015
13.364077
9.007215
16.953945
16.366005
12.964725
9.815931
11.325121
8.016109
11.753559
27.394772
15.145302
8.753777
11.483431
7.907152
14.825583
23.472071
11.281013
8.684874
14.974594
19.679785
10.718822
9.844065
11.609077
8.931160
15.316725
15.192509
12.331963
8.178473
11.021614
7.743835
9.564400
6.435871
13.520479
9.450197
13.010979
7.328987
11.197567
10.311842
12.803316
10.137796
16.041994
9.616852
12.606144
9.938002
18.596888
17.659187
15.740395
7.332087
16.419888
13.881207
14.216423
10.574341
10.330200
7.437944
12.581348
8.898020
14.739275
10.077715
12.079477
10.306120
14.117479
8.150816
11.877775
7.453680
10.562181
8.169889
13.018131
9.094238
12.270689
20.909786
15.106678
26.665449
13.032436
9.770632
12.854576
9.431839
15.511990
8.681059
11.240721
11.152744
11.252165
8.291245
12.653351
8.955479
13.000727
8.432388
11.281490
7.861614
12.292385
10.023355
14.407873
9.110928
12.727737
29.605389
15.919209
8.240461
17.163754
17.982244
16.430140
9.755135
14.301300
7.807016
10.855198
10.131598
15.077829
10.151148
13.459682
9.069204
15.217543
11.305571
12.995481
30.875206
12.290478
9.123325
15.354395
10.650873
13.194084
8.272171
12.466192
25.656223
16.497374
9.860992
16.186953
9.242058
19.575834
29.859066
12.796640
13.543606
16.993999
16.416073
16.249418
9.879112
14.014959
9.757042
9.552240
8.584499
13.449907
9.250164
12.459040
9.111404
14.240026
20.277262
11.807919
24.463892
11.882305
6.857634
10.316133
8.188725
9.033442
7.692337
16.769886
12.890577
9.095430
8.142710
12.196064
7.267237
10.011435
6.534576
11.358738
7.443428
10.123968
7.633686
8.437157
6.460667
11.593580
7.833481
9.087324
7.117271
9.804487
6.784439
11.437654
6.750345
9.515524
5.875349
7.353306
7.550716
9.023905
7.100821
10.485649
5.800962
10.177612
7.405996
9.438276
8.017302
8.434057
6.554604
10.990381
7.626057
11.482477
8.583069
9.058952
7.547855
14.868736
7.523775
12.889862
7.433653
9.617329
8.606434
9.851456
8.274317
12.072325
6.740808
12.393951
8.438826
10.967255
10.100126
7.778406
6.995201
17.918587
19.137859
9.010315
6.308794
10.911465
6.986856
8.137226
5.898952
9.294510
6.009579
10.374546
6.596088
9.526730
6.329536
8.485317
6.776333
8.748055
7.331610
14.798880
7.009268
9.175539
7.132769
9.590149
9.812117
10.337114
6.137371
9.822369
8.486032
11.911392
7.598877
8.229494
6.125212
9.342909
8.016586
9.576321
7.092714
8.917570
7.065535
11.955976
6.888390
9.806156
8.375883
10.245562
7.417202
11.574745
7.314920
8.898735
6.311178
8.588791
7.880449
11.297464
7.283449
13.750553
6.165028
9.758949
7.099390
9.609699
8.129358
10.412693
6.587744
9.368896
7.687092
10.717392
7.264853
8.530617
6.547451
10.516644
7.112026
10.185719
6.479502
8.560658
7.719040
10.026693
8.085251
11.691093
6.871223
9.404182
8.048058
10.380030
6.882429
8.863211
7.157087
10.323524
8.168936
12.422800
7.341146
9.315491
6.269217
9.951830
8.548975
10.349512
6.726027
9.031773
7.450819
9.849787
7.166624
10.361433
6.758213
10.019779
7.328033
9.844780
7.388115
10.073900
7.021666
9.667635
8.042574
11.181593
6.788969
11.743784
7.842064
8.457661
6.384850
10.369062
7.610798
10.523319
6.644726
9.677410
9.159327
10.051489
6.417513
8.714437
7.939816
10.864496
8.840561
9.641171
7.076025
10.135889
7.033587
8.799791
6.905556
11.643648
8.878946
10.661840
6.583452
8.756399
7.329226
10.059595
6.679535
9.973288
8.360386
11.930704
8.142710
8.542538
6.417751
12.494326
