1697957139.198886 0.000000 0.000000 0.000000 0.108361 -0.361228 0.000000 0.926160
1697957143.598788 -0.027068 0.040588 0.392562 0.012319 -0.124152 -0.063123 0.990177
1697957145.598943 -0.555232 -0.086432 1.265115 -0.005767 -0.006968 -0.298392 0.954401
1697957148.898727 -0.725886 -0.096973 1.307687 -0.003116 -0.051112 -0.533154 0.844467
1697957152.699248 0.443767 -2.933154 1.167744 0.012332 0.000143 -0.417457 0.908613
1697957155.898799 2.492830 -5.204666 1.423117 0.014310 0.009982 -0.423967 0.905509
1697957159.098887 4.588819 -7.430984 1.582756 0.021410 -0.004036 -0.478109 0.878030
1697957162.198856 6.219614 -9.965071 1.794258 0.021128 0.010007 -0.365433 0.930544
1697957165.598766 8.124562 -12.355603 1.857902 0.016145 0.013839 -0.347357 0.937492
1697957168.798858 10.271881 -14.599214 2.025682 0.008422 -0.000579 -0.364951 0.930989
1697957171.899085 12.371180 -16.797947 2.150401 0.015253 -0.003579 -0.370538 0.928685
1697957174.998764 14.312446 -19.095646 2.304097 0.026026 -0.002279 -0.368100 0.929419
1697957178.198810 16.202982 -21.479803 2.441494 0.025957 0.028543 -0.366686 0.929545
1697957181.299031 18.006203 -23.914106 2.553594 0.044155 0.016971 -0.362765 0.930679
1697957184.198785 20.165546 -26.080307 2.699165 0.029350 0.003291 -0.356486 0.933834
1697957187.198772 22.150280 -28.431101 2.813989 0.041315 0.051639 -0.339655 0.938222
1697957190.298841 24.282505 -30.607798 3.031589 0.059511 0.053658 -0.353918 0.931837
1697957193.499220 26.345251 -32.827095 3.200099 0.054231 0.042525 -0.345627 0.935838
1697957197.698964 28.324808 -35.175198 3.388202 0.058686 0.025653 -0.396182 0.915936
1697957201.198817 30.222879 -37.509766 3.598168 0.063212 0.044374 -0.409075 0.909226
1697957204.998709 32.165546 -39.837467 3.771529 0.075857 0.045972 -0.369036 0.925173
1697957208.499243 34.246422 -42.115826 3.934466 0.068630 0.039974 -0.401656 0.912340
1697957211.798785 36.226589 -44.532597 4.052469 0.033283 0.033334 -0.379377 0.924042
1697957215.098774 38.191502 -46.914101 4.278300 0.044703 0.038909 -0.399246 0.914927
1697957218.298858 40.235558 -49.258171 4.542058 0.050987 0.058618 -0.397053 0.914502
1697957221.398788 42.213303 -51.666683 4.804143 0.066967 0.053402 -0.439379 0.894209
1697957224.598805 44.234592 -53.996208 5.097859 0.032177 0.043886 -0.447684 0.892534
1697957227.698747 46.467064 -56.154514 5.270858 0.052120 0.082119 -0.350569 0.931473
1697957230.598809 48.503902 -58.468884 5.531878 0.040680 0.045222 -0.400134 0.914436
1697957232.398810 50.205021 -59.667107 5.556281 -0.012423 0.080615 -0.155853 0.984407
1697957233.398757 51.270142 -59.611637 5.777439 -0.063172 0.098536 0.130411 0.984527
1697957234.298995 52.104446 -59.038624 5.956688 -0.109640 0.109369 0.377885 0.912809
1697957236.698554 53.565018 -57.259571 6.314991 -0.134674 0.099905 0.613094 0.772009
1697957237.398686 53.550488 -56.980125 6.371931 -0.168150 0.070808 0.796387 0.576610
1697957238.698735 53.830376 -56.787998 6.370010 -0.104853 0.102886 0.626195 0.765702
1697957239.398752 54.490322 -56.494167 6.465216 -0.102247 0.112473 0.393686 0.906591
1697957241.698809 56.328506 -54.622803 6.943857 -0.165014 0.116907 0.609493 0.766565
1697957243.898837 56.850082 -53.111710 7.156641 -0.112390 -0.002552 0.785511 0.608551
1697957246.499223 56.207417 -51.681458 6.869226 -0.114036 0.035846 0.918927 0.375878
1697957249.998764 53.746410 -49.912693 6.779231 -0.132759 0.032251 0.918048 0.372187
1697957253.198971 51.532848 -47.827694 6.491139 -0.110553 0.030067 0.910549 0.397208
1697957256.498749 49.643784 -45.483406 6.346266 -0.119153 0.027468 0.850159 0.512131
1697957259.298866 47.732689 -43.106091 6.074817 -0.122462 0.028340 0.891556 0.435117
1697957261.998854 46.067909 -40.610989 5.847104 -0.109920 0.013500 0.893919 0.434332
1697957264.598769 44.074795 -38.370449 5.659544 -0.140124 0.045774 0.909507 0.388673
1697957267.298752 42.096043 -35.970707 5.499541 -0.125482 0.033228 0.908454 0.397319
1697957269.898583 40.229836 -33.558197 5.403224 -0.108059 0.030516 0.909201 0.400930
1697957272.298846 38.350636 -31.199598 5.318567 -0.132180 0.053464 0.872608 0.467147
1697957274.499209 36.842865 -29.510784 5.239579 -0.090262 -0.024346 0.977763 0.187724
1697957274.898871 36.556347 -29.508680 5.308248 -0.064704 -0.027847 0.985000 -0.157522
1697957275.198724 36.516026 -29.630575 5.321166 -0.053805 -0.047709 0.876914 -0.475237
1697957275.498814 36.621792 -29.668215 5.310129 0.026222 0.039206 -0.674507 0.736760
1697957275.798873 36.780499 -29.621826 5.293177 0.004867 0.028207 -0.405048 0.913847
1697957275.998944 36.857574 -29.505680 5.306318 -0.001205 0.027529 -0.217831 0.975598
1697957276.398638 36.936527 -29.313633 5.336069 -0.039126 0.018470 0.125018 0.991211
1697957276.698749 36.940281 -29.162233 5.358888 -0.083072 0.028338 0.376260 0.922347
1697957277.098759 36.767284 -28.886059 5.334279 -0.111056 0.022314 0.648578 0.752672
1697957277.598690 36.448647 -28.527304 5.279592 -0.117197 0.047379 0.831179 0.541444
1697957280.498942 34.607677 -26.047297 5.123928 -0.132075 0.024914 0.913095 0.384958
1697957282.998584 32.674229 -23.707348 4.961317 -0.130783 0.019393 0.903775 0.407076
1697957285.298908 30.850546 -21.319530 4.831182 -0.103374 0.028300 0.906501 0.408372
1697957287.698897 28.930021 -18.959480 4.682034 -0.116917 0.043020 0.895618 0.427022
1697957290.098930 27.008614 -16.633873 4.497375 -0.114358 0.053636 0.899296 0.418704
1697957292.698735 25.058056 -14.342503 4.319189 -0.109561 0.050488 0.888476 0.442783
1697957295.298970 23.265625 -11.888157 4.253102 -0.126937 0.038473 0.909938 0.392963
1697957297.798949 21.661430 -9.228698 4.116269 -0.142250 0.047273 0.886533 0.437710
1697957300.298675 20.023260 -6.683626 3.991446 -0.093670 0.041377 0.868203 0.485528
1697957302.798969 18.411135 -4.096056 3.922915 -0.122983 0.053322 0.894366 0.426781
1697957305.399055 16.970604 -1.375655 3.762622 -0.107780 0.042566 0.863980 0.490011
1697957307.698832 14.947471 0.951873 3.540626 -0.129098 0.021648 0.916624 0.377711
1697957310.098810 12.679711 2.955439 3.412355 -0.140185 0.022114 0.912169 0.384457
1697957312.698578 10.437724 5.099237 3.067183 -0.101415 -0.021698 0.966474 0.234887
1697957313.499026 9.440578 5.278301 2.910920 -0.129608 -0.044445 0.989334 -0.049453
1697957315.798830 6.665683 4.160085 2.395500 -0.125253 -0.039079 0.955582 -0.263909
1697957318.198758 4.065469 2.542894 1.925460 -0.121952 -0.018805 0.948766 -0.290892
1697957320.398935 1.665375 1.497542 1.526971 -0.149161 0.003050 0.976772 -0.153811
1697957321.598941 0.381043 0.903175 1.285695 -0.144003 -0.018622 0.963910 -0.223146
1697957322.198970 -0.100629 0.463890 1.140337 -0.094487 -0.098576 0.874824 -0.464799
1697957322.698789 -0.199425 0.116736 0.911973 0.086221 0.145593 -0.676916 0.716347
1697957323.098912 -0.167493 -0.010063 0.653071 0.076517 0.152121 -0.431753 0.885773
1697957323.398967 -0.119746 -0.009860 0.429389 0.059671 0.130820 -0.318255 0.937037
1697957323.598766 -0.076157 -0.024422 0.301831 0.056979 0.101811 -0.271365 0.955379
1697957324.298712 0.009487 -0.035639 0.155418 0.063252 0.082140 -0.166539 0.980570
1697957326.398947 -0.025513 -0.120642 0.069371 0.293988 -0.035318 -0.173690 0.939231
