7.07989
8.82774
6.74011
7.55057
5.37414
8.25968
10.0377
4.29734
6.12597
5.44065
7.90544
5.27133
9.24882
4.444
8.05413
5.56716
6.10402
5.64317
6.35591
5.88143
12.2086
7.43062
5.07599
6.51021
6.59101
8.50206
7.70914
5.91904
5.70969
7.23076
7.74209
5.86341
5.64336
5.14602
5.29958
5.68376
6.59349
5.93341
7.57611
4.67244
10.7644
8.74651
10.0142
13.9021
12.8355
12.1337
14.8734
9.35066
6.88952
6.95301
9.11654
7.20413
7.90648
8.81139
8.1098
8.52991
10.3507
9.9032
9.32623
10.5566
10.6137
9.04434
9.43254
7.85955
15.1
7.48155
7.61012
7.97015
9.03514
8.13985
7.54634
6.20419
8.96992
6.90008
7.90245
8.50517
8.65256
7.94937
9.34371
10.1243
13.3557
9.97351
9.05586
8.18643
7.23981
8.66419
7.75703
7.45897
10.5928
8.02911
9.88568
13.4585
9.26201
6.26459
7.67898
8.63241
8.14042
15.307
9.43148
8.7732
8.26908
7.83068
8.65178
7.22368
8.46307
8.05034
7.84049
8.54157
10.8519
10.4283
8.72561
8.61294
11.7108
9.39304
6.98775
7.66264
8.4056
6.47682
13.2545
7.8756
8.90749
7.87354
9.94483
7.53842
7.67163
8.93139
6.64155
7.68176
9.16068
6.39734
7.341
8.6727
8.23143
7.37698
7.57271
18.7979
7.82795
7.884
7.18467
7.28497
7.35206
11.814
7.76342
9.30162
7.00552
8.54531
6.39878
10.8685
11.3055
10.6773
9.85192
8.36974
8.802
10.1999
11.1434
11.6309
7.17673
8.9537
11.3938
8.76403
11.3278
10.7372
11.8756
9.0586
11.9867
10.1509
10.7167
26.2192
10.6595
10.6691
11.402
13.0092
12.1332
9.75191
9.50743
12.7255
12.0835
11.7875
10.3183
9.4609
9.74156
16.4653
11.5872
10.5684
11.3158
13.6123
12.5546
9.78924
13.0782
9.83714
13.6678
10.1034
9.48954
9.21747
19.2974
10.8127
9.18029
11.1066
8.81824
26.7362
11.548
8.97602
9.81664
11.5534
9.14131
10.8338
9.89272
8.68518
13.514
10.5686
6.40394
9.52372
8.76376
9.77264
9.08577
11.4901
8.75833
14.0712
8.61024
8.58174
8.02662
8.87855
10.9507
9.04327
10.8466
11.2792
7.52695
9.88939
13.6952
9.32908
34.8005
11.8025
9.78537
8.58602
7.8584
11.3157
12.1525
11.1413
13.4867
8.60348
11.1677
11.2074
8.52702
11.8132
10.8042
10.0342
7.80069
9.6014
10.5748
9.12722
8.64352
9.88532
11.2322
13.462
7.46967
11.2177
10.9674
13.8666
14.3007
13.6303
9.75286
12.4297
10.342
11.4064
38.9648
8.96028
8.45622
10.6841
9.59556
10.5853
11.3679
13.5277
10.1124
11.2132
9.48248
21.6327
13.725
12.6412
8.60391
10.397
12.1242
9.66219
8.32961
8.44752
9.09947
11.7495
8.61862
9.67331
10.435
10.3602
11.244
11.4559
10.7949
11.1904
9.40521
11.1401
42.109
12.143
9.24699
9.88118
11.1048
9.62852
10.1292
13.6623
9.72611
13.1932
15.3768
10.388
10.8318
10.6463
17.2206
14.2125
10.7935
13.7699
12.8913
12.3212
12.5469
10.4776
8.85428
11.518
11.7722
11.7192
13.0294
12.2546
11.1418
12.121
13.7342
46.0688
10.5852
12.2847
12.1716
13.8059
11.9075
9.95867
13.0732
10.912
9.94675
12.5104
13.8857
12.185
13.0464
21.1005
13.0737
12.0282
10.9958
14.6566
14.9529
12.8541
12.5506
16.198
14.0929
12.8566
9.45694
13.184
12.5145
13.7428
10.9378
18.7344
39.4134
11.0612
11.2314
12.4386
10.4899
11.8039
11.3237
10.9813
10.7117
10.8334
9.02662
12.1526
10.8806
12.4534
15.338
15.1126
11.1984
11.2333
10.9322
12.3681
9.15242
9.78079
11.834
12.3441
12.4765
13.363
12.741
12.5566
12.805
12.6048
15.7685
20.3171
39.9668
12.6698
11.4686
17.2125
12.0082
12.7065
11.5703
7.9353
12.5541
17.0799
11.8414
10.0535
11.0427
14.5719
15.0697
10.2016
11.7295
15.6231
11.2356
12.6908
10.8171
12.7629
12.522
11.1294
14.436
13.7511
13.098
17.7642
10.5296
15.0714
12.1327
50.1169
9.81937
16.981
13.2006
15.1088
15.3502
22.5042
16.2862
12.1002
12.7887
10.204
15.9107
10.755
14.8775
12.0508
10.4372
13.0602
11.6797
16.4134
21.4407
11.5194
13.8755
25.6808
13.1794
14.3721
16.327
13.4612
17.2301
13.0838
46.6929
11.6417
17.4254
15.372
10.495
13.4492
11.6372
10.4613
18.0559
12.2615
16.5615
11.1848
9.66273
11.8528
10.6076
8.49193
16.726
13.3844
19.3254
11.6917
9.4685
13.0865
12.2577
10.916
10.3592
11.1218
11.5376
15.4196
17.7067
10.0457
64.9123
14.4458
12.9527
18.4255
10.9631
15.5134
13.1933
13.4492
11.9745
11.3922
20.2263
13.8614
12.4643
19.5646
13.7647
20.5376
16.3814
18.6574
12.4052
14.45
10.8042
14.1906
10.4417
14.2669
10.9002
16.2069
12.9784
11.8346
18.2051
11.7451
14.1015
57.7952
12.2773
17.9963
19.9506
9.58673
12.2809
14.289
11.9284
10.4527
19.6523
12.8337
13.9495
14.4625
9.44901
9.18554
11.3262
11.889
19.0806
15.5103
18.1515
14.6915
15.6544
16.6865
17.6111
13.5093
14.321
13.1316
12.932
18.4291
11.6112
12.9806
10.5005
57.3211
10.7323
12.5806
13.9905
10.5548
12.4199
14.7999
16.6963
14.8223
15.1434
17.4063
11.2473
13.9258
11.1958
13.0022
13.6507
14.606
13.3988
12.6556
15.7071
14.0555
9.408
12.7535
11.7872
21.3186
15.7828
15.9675
17.0659
12.9032
12.891
15.4832
14.076
18.5433
16.9713
10.7365
15.4605
10.4153
11.1646
13.6253
11.6567
18.3821
12.5487
57.5572
11.9141
16.2604
11.0794
17.5626
14.4919
11.3803
11.5851
23.0643
12.4355
13.9608
10.1765
11.4809
14.9368
12.7598
10.6953
8.10319
10.0305
9.40765
12.89
16.5682
13.0124
11.2171
11.651
11.1612
16.6209
13.0422
12.1872
16.024
9.75276
10.6947
11.993
12.1425
13.0767
22.8206
69.028
15.236
11.3195
22.6289
12.9725
11.7149
13.0978
12.1183
15.7402
10.9615
18.6408
13.6593
16.1548
11.531
14.5137
15.3054
17.0719
15.0232
17.6912
14.3168
12.1799
13.5029
13.5868
15.0308
12.9932
18.5852
14.6751
14.0841
11.7592
10.8458
12.7328
19.5624
13.0565
14.0554
11.2948
10.5289
12.5776
8.59118
81.6868
19.8149
11.1029
15.7807
13.1142
32.2707
13.3726
9.88543
11.084
16.0217
15.7195
12.8959
19.2502
11.5623
12.0453
11.9512
8.92498
17.8701
13.6379
13.1829
12.6425
10.3085
11.6702
12.5812
14.853
17.8371
10.3687
14.8443
18.4027
13.8542
8.99792
11.2247
15.7903
12.7072
14.379
68.785
15.1686
13.875
10.7018
12.1699
17.2317
12.7232
10.0275
15.6261
12.5899
12.9444
15.2703
10.9808
14.6989
12.7319
13.0814
14.9294
17.6527
12.7947
13.1245
12.4418
12.5945
12.819
11.5261
13.3416
7.44107
14.4565
12.0066
10.4866
14.9044
14.9684
12.0356
13.5046
76.8134
10.1832
12.1098
12.7577
14.0108
12.8367
13.8256
22.328
17.6484
14.8281
13.3046
16.6593
16.6215
14.7647
14.689
14.6945
13.5423
15.7776
17.0326
13.542
11.6645
11.957
16.3694
14.8641
14.2875
18.2375
18.1349
16.8419
12.0353
15.5557
14.5458
14.8556
17.7372
69.5296
17.6966
12.593
13.95
17.7967
12.4321
13.4352
14.2784
12.5081
16.8101
11.5585
13.8527
16.3195
12.785
11.2823
15.7355
15.947
14.5635
14.3153
13.0998
14.0089
12.5843
12.3877
16.3411
13.2583
14.7613
15.0237
11.7077
16.2424
12.7748
10.6481
14.0858
74.042
17.465
26.4805
13.4489
10.0445
11.2163
13.467
16.5483
16.0514
12.7686
18.6559
12.0547
9.59938
14.1069
13.0955
14.6217
11.3865
15.4493
16.1638
20.7273
15.1282
11.9086
11.3707
13.3831
13.9826
13.8516
13.0877
17.2171
14.4487
13.4624
16.1086
81.309
19.6577
14.0397
16.6235
12.5914
12.3789
13.5264
19.8407
16.9187
14.102
14.1187
13.0779
16.676
15.4975
10.0476
15.6504
14.4443
13.0289
11.0474
13.7952
19.0136
13.6968
15.231
17.9187
9.83693
14.7665
14.2822
13.1322
10.3399
18.6994
10.8468
13.1484
75.7965
11.7223
10.4273
12.6574
15.8607
11.7624
15.235
15.9491
15.8535
16.0235
17.6394
12.1026
16.3037
10.3021
17.069
10.7147
17.2849
15.93
11.8982
11.7644
10.6829
14.1065
12.8917
14.4911
21.6413
12.2681
11.9616
11.8771
11.2457
14.3812
12.5398
68.1124
12.2248
18.4035
13.4946
15.4251
11.0712
16.166
10.6193
28.5404
12.0631
16.1334
14.3747
15.6018
12.0382
14.7378
14.9831
16.4672
14.6395
17.9718
12.6733
19.0028
11.7328
12.0267
17.4379
15.1918
16.9208
12.5291
19.4082
15.9472
82.8502
11.8299
10.8508
14.4762
15.4965
18.295
13.3893
19.6118
16.4441
13.7392
13.9099
16.8803
9.89924
12.2745
13.3633
10.7494
12.3508
10.9443
64.7357
9.89119
12.0139
10.3117
10.3472
10.1705
12.1945
10.389
12.5536
11.5832
65.9897
11.6918
12.7403
12.3378
14.3126
14.2538
15.3049
10.7261
11.3574
65.4306
12.4064
11.0729
13.3635
12.6397
15.9024
12.2877
15.4212
15.9353
8.24188
12.9686
13.0057
13.5463
14.8203
14.1175
15.4705
14.2282
13.2329
15.009
12.6153
12.8655
12.6891
14.7176
12.9969
50.8317
13.2577
13.2997
13.4834
13.6244
16.7874
15.1116
56.3542
16.4526
16.5889
17.632
18.8552
13.9961
15.3317
15.1951
10.2669
17.3614
14.9569
14.552
15.6105
66.5056
18.9462
13.9612
12.4874
13.5584
11.5381
12.517
49.5234
17.2207
18.0803
19.5813
18.1832
16.3892
16.5811
16.138
15.8765
16.4858
12.8152
20.2846
12.3334
17.0463
17.7319
13.3884
18.0011
13.781
16.403
18.7565
17.256
16.9064
12.235
54.9004
12.3233
13.1925
15.2538
14.1487
13.8305
15.0741
14.7051
15.4026
15.0521
14.6077
14.5195
13.4003
11.7745
12.5914
18.0447
18.2182
17.8934
17.7832
15.6251
18.2929
13.5865
65.3001
22.1801
15.4919
15.1993
11.522
16.5931
13.5515
15.7642
16.4426
20.8295
14.3455
17.1742
17.8512
17.4874
14.5399
17.3414
11.8739
18.6358
19.0591
14.0798
19.1127
15.5166
15.6579
13.077
13.3533
14.1628
57.4873
17.5546
14.2926
17.2027
18.0501
14.5738
11.8057
18.0005
13.4518
17.388
12.5959
14.7668
14.9623
23.3001
13.4543
13.4496
48.3827
14.3493
17.237
11.3898
79.2548
13.7739
16.4678
13.5411
15.9139
18.3356
16.8479
17.2189
15.1248
17.1041
18.1624
14.3435
14.8059
20.7187
13.5718
56.1695
16.134
70.5157
15.8962
14.3442
10.0454
13.6324
480.64
23.8039
14.1711
16.4017
13.4022
15.345
14.965
15.2632
14.3057
23.6933
11.3445
15.9096
15.3325
20.2922
76.2269
12.1867
17.1903
13.0917
16.1372
13.0615
15.2764
14.8145
72.4835
13.4547
12.8032
17.4324
66.9575
14.5378
13.4185
18.2288
61.1603
67.6125
12.6001
17.2637
19.4222
15.5059
16.0275
18.8481
18.2502
16.3233
17.0813
71.4616
12.8068
19.2476
20.1226
13.3293
10.7921
13.7445
13.4821
14.0396
13.5362
16.4217
9.26458
66.3479
11.5049
85.58
14.6413
11.5646
11.0149
17.4424
16.0048
15.2332
17.6976
14.3512
15.5721
74.2748
10.3743
12.4842
14.7548
9.53292
13.0008
10.5394
12.9326
14.5805
16.372
16.1643
15.5061
16.2038
16.1888
13.2012
15.8634
12.1624
14.3401
75.463
12.5781
14.145
12.5706
15.9532
78.7961
10.9638
14.548
13.7264
13.0166
76.1016
22.4543
17.4411
13.7656
9.7713
13.4883
17.8364
19.3169
12.6609
15.1446
13.9982
10.2621
13.2933
12.8228
11.305
15.5237
14.9175
83.5156
10.5151
13.0347
14.3252
15.4837
15.1487
23.3319
20.3719
17.0082
16.369
18.9395
85.3099
13.3619
17.225
12.6038
19.1107
11.8565
14.7675
14.4027
17.023
16.7871
16.4247
10.1423
26.1711
39.0376
23.674
89.0816
12.2118
16.981
18.8348
16.261
13.9959
14.3412
12.588
13.7931
12.1496
100.287
13.1526
16.4475
15.2233
16.974
18.1492
17.8731
12.3859
11.7716
21.6651
13.5756
13.266
92.81
12.4407
13.2836
10.4936
16.3676
87.2459
12.1534
123.481
9.0708
12.4179
15.5638
15.9848
15.0539
10.7689
17.8174
82.4948
16.8332
16.9655
15.4146
19.3653
14.0272
21.9047
18.0931
14.9338
14.6022
15.1864
11.3248
18.9348
16.6161
17.2993
11.7599
116.078
15.671
13.7578
14.8284
17.7346
12.2653
12.913
12.2988
16.2035
15.5159
106.416
21.5594
16.6302
9.43249
11.5323
16.3351
15.5438
14.1047
17.628
14.4507
15.1819
11.902
15.347
12.1061
124.146
10.3537
16.1927
12.0285
13.0636
14.3796
13.3582
21.7287
15.2881
16.3025
14.2391
7.77605
13.3394
97.8579
12.9109
15.3217
18.1657
14.6762
20.5942
20.1794
15.3875
23.9344
132.505
13.8432
13.288
19.9508
95.469
12.2162
12.2385
58.2645
12.4385
12.561
60.322
11.4923
19.7347
48.9045
12.6217
54.0856
14.99
12.3533
13.6439
43.1097
15.2682
12.9008
56.5068
17.2737
15.5422
15.6002
56.8559
10.9669
15.47
15.9937
14.4294
56.1338
12.7743
14.7914
15.7566
15.0408
15.9357
14.7754
17.5525
20.2514
21.1924
14.1435
12.319
19.0768
18.8885
16.7888
15.8722
13.4231
16.2456
16.0953
13.1423
17.3926
15.8411
18.9054
12.4117
15.421
15.9355
15.4019
14.5747
14.9643
74.7951
12.3201
13.7984
65.7086
15.9491
16.7694
16.6285
17.5472
15.4996
13.3168
18.1745
12.9377
13.1479
15.2382
17.8836
13.1899
10.3789
11.4003
14.6494
15.829
13.677
13.6094
10.5983
16.8752
13.7005
63.1737
72.7621
13.2713
13.0498
13.4211
17.1712
52.0096
13.6933
12.232
13.5085
11.6385
11.2926
10.3805
13.4795
13.021
11.8474
14.4972
15.5347
11.2863
14.6465
16.0477
14.3482
14.5035
70.0573
59.581
17.1964
16.7531
16.8871
13.0307
23.2815
15.0195
13.2805
11.427
9.97914
16.2318
17.7565
90.6615
11.023
18.7609
89.2116
53.6502
93.5706
11.6051
10.8011
20.7625
93.258
10.9397
69.6096
17.398
13.5996
83.0104
9.92987
10.4316
13.1517
13.9039
19.2599
8.68082
14.6702
17.9634
14.3885
15.0138
75.5814
13.5816
18.7483
17.336
13.3822
9.53097
15.94
18.6724
14.0789
13.647
89.4888
11.9156
15.3438
13.5959
18.3789
15.5519
12.6913
17.8073
14.6245
21.2335
16.3951
21.9421
21.345
18.965
14.0677
92.4264
12.9783
12.6064
10.4565
20.4243
19.9739
18.5338
11.1444
13.5827
14.6957
76.7879
111.772
14.8054
9.63957
11.3893
11.3854
13.5163
14.1922
11.9473
12.9151
12.9419
11.3938
14.419
15.2761
18.568
16.9981
19.209
13.9468
74.6803
8.76121
11.9978
7.31606
13.5427
13.8258
12.4873
18.1481
12.7049
84.702
10.4081
7.21273
10.1206
17.3709
12.9528
11.5118
9.97862
10.8714
15.5993
15.3978
10.6954
96.588
11.4635
9.66633
16.7336
16.3369
15.5437
13.3965
15.5718
80.2528
85.6068
13.9368
11.3949
117.525
19.0077
86.3518
10.8658
10.515
11.9556
9.94767
9.92201
14.8731
10.7367
13.7432
16.5008
16.0159
15.3776
8.78778
9.77895
10.2082
10.2369
68.2619
11.9083
10.009
11.7997
12.8694
18.9896
10.4788
79.1521
61.1267
13.9532
20.502
14.1518
11.7578
8.39568
12.0555
11.6955
10.5488
12.9969
8.71121
13.1377
12.2192
11.5492
11.2647
8.65292
53.8785
10.2272
12.5032
8.31887
12.0564
12.8354
11.3336
10.6634
60.9864
59.6921
8.43263
11.0961
9.04423
14.3902
9.02659
10.2595
10.4966
9.85838
10.9583
10.4023
8.69456
9.40267
9.32261
9.8715
15.4697
14.0321
11.2326
49.1221
10.3126
12.336
10.6723
11.9096
8.28565
12.5532
15.8683
61.5563
13.1889
8.15862
13.1131
10.4274
10.4592
60.5614
55.1308
11.3194
11.0567
10.6717
14.1252
9.97668
7.59546
13.5617
63.0029
10.909
11.2046
15.301
12.1682
10.989
14.0962
9.47396
48.5358
47.6654
9.12726
11.7711
14.076
8.78626
9.35124
46.2008
9.70001
8.57867
12.0175
11.8291
9.75918
9.73548
12.9079
9.62531
9.92774
41.3242
10.0041
9.34735
13.5604
11.8503
6.75833
12.2089
41.2943
9.33117
10.1422
12.0357
19.3633
10.0591
8.7443
12.9302
37.9984
9.68465
10.3339
42.9491
9.19672
9.15214
13.7667
11.8737
14.0533
14.3122
10.2364
10.8813
9.63953
9.99471
8.42233
8.08886
9.2563
14.5635
46.0272
10.4745
9.56576
11.5318
8.35112
10.0287
11.6791
7.93209
54.7903
8.06624
11.0651
9.75641
15.0395
8.96778
8.71329
9.44323
7.87692
9.36956
11.0838
8.2058
8.39312
9.13205
11.9494
9.69229
9.34872
10.2305
12.9946
9.38172
9.51355
8.78869
7.86479
42.958
9.43215
12.236
9.40309
8.18939
8.88532
8.86244
47.6738
7.66857
9.80448
13.0758
8.36946
16.6392
7.71847
7.69045
7.06309
10.1578
7.75163
8.26602
9.10425
9.92429
8.68475
8.1128
9.95952
38.2444
9.40644
9.49042
10.4616
8.25831
7.27579
7.95835
6.89614
8.24566
8.13183
8.31394
8.17661
38.4722
7.27131
7.62774
6.33542
7.0707
7.72887
7.3786
7.81922
9.09493
41.8975
37.8101
9.02512
6.7488
8.56681
7.42778
7.90904
41.6471
8.5817
8.27992
10.4234
41.7036
9.52308
39.4049
7.58821
6.45346
7.3469
9.77727
10.1127
37.5487
12.6434
8.43528
12.1895
8.46882
35.6881
35.0734
12.2408
8.26076
39.7354
7.42035
8.81791
34.5214
8.86887
37.2267
8.94598
8.83649
7.70962
9.15999
8.10525
9.09577
39.2686
8.94055
12.3975
12.2337
8.37449
9.51121
8.17981
11.9126
8.12142
9.34658
7.75203
8.07889
6.161
11.1085
8.42192
10.3711
6.94754
7.96083
7.42948
8.9446
6.79254
35.5475
10.8465
8.47405
11.7567
9.91523
6.24845
8.78199
8.27576
8.59879
7.63456
6.98099
5.98899
9.86239
9.77219
6.55923
7.51885
8.2921
11.3702
5.23525
5.60203
8.0603
9.11947
7.05596
7.73295
9.69475
7.33596
8.5057
6.83649
6.81455
5.51382
8.98935
8.97818
9.49935
8.84621
7.76793
9.54466
7.53767
9.91574
6.85413
7.32178
7.05685
5.61295
5.3044
5.68272
7.62573
6.14813
5.07406
9.86365
7.22928
5.79566
5.49775
8.2429
7.85852
8.01991
8.83673
8.53976
8.20473
8.48943
7.0255
7.084
5.77819
6.83128
7.51057
7.34174
9.48518
6.28508
10.9683
7.71551
9.68664
6.94243
10.0693
9.45853
7.06719
9.41943
10.6012
9.20825
8.1664
7.10788
7.75122
6.13763
14.7538
7.52452
7.35361
8.35014
7.81696
8.1812
8.17365
6.13042
9.01046
7.93217
6.88962
7.7482
8.52114
7.67559
6.8517
5.52503
6.87596
7.63413
8.73967
8.48739
7.73564
8.47981
10.3254
9.75436
8.42268
6.81105
9.15981
8.6431
8.38467
8.35534
8.44518
9.63558
9.25934
10.6541
6.68316
7.70653
11.0089
8.29755
9.12557
10.6256
7.64649
10.3254
9.87311
6.99866
7.94088
5.38907
7.61474
8.04079
7.22588
7.31011
7.40178
4.93177
9.73202
5.83299
6.24593
5.38063
7.08758
7.06461
6.36007
6.20572
5.37663
5.5948
