0.583332
0.014871
0.017407
0.030538
0.026126
0.004932
0.013855
0.031375
0.004438
0.006613
0.005409
0.005312
0.006915
0.012498
0.026568
0.008238
0.004823
0.005464
0.012278
0.004449
0.009231
0.004946
0.014199
0.004645
0.013609
0.004394
0.005261
0.005815
0.00421
0.004729
0.004237
0.004829
0.0041
0.003966
0.004212
0.004104
0.003795
0.007136
0.011355
0.005019
0.004585
0.012376
0.005328
0.004414
1.23894
0.006477
0.006808
0.006549
0.00503
0.00583
0.005807
0.004924
0.012262
0.005638
0.005482
0.006086
0.005664
0.005519
0.005547
0.005756
0.00537
0.00619
0.006236
0.005755
2.66875
0.005751
0.006532
0.005724
0.006082
0.005374
0.007325
0.005569
0.013931
0.007886
0.005291
0.0059
0.005298
0.006654
0.015411
0.008588
0.01545
0.007721
0.005809
0.007214
0.005127
0.006473
0.005472
0.00701
0.006513
0.014321
0.008818
0.00758
0.005771
0.007166
0.006874
0.006609
0.005308
1.9936
0.102239
0.094399
0.111419
0.103737
0.096426
0.116304
0.088187
0.105739
0.089096
0.103239
0.11098
0.111037
0.120617
0.109669
0.099286
0.315257
0.111935
0.091272
0.088935
0.089669
0.105599
0.115356
0.09085
0.115135
0.085718
0.10572
0.09073
0.089234
0.095858
0.093215
0.110751
0.092551
0.091992
0.087843
0.099301
0.094654
0.102097
3.01842
0.174393
0.13419
0.143173
0.142649
0.139034
0.141324
0.13784
0.160899
0.136341
0.13831
0.214531
0.137587
0.134397
0.166075
0.135133
0.146988
0.128824
0.152181
0.207276
0.393149
0.195149
0.174753
0.159348
0.124928
0.139277
0.148104
0.156055
0.398869
0.150434
0.151516
0.163355
3.65081
0.148329
0.171559
0.185543
0.220795
0.405769
0.16145
0.150712
0.215841
0.163899
0.185325
0.181239
0.200913
0.175045
0.162829
0.149016
0.181456
0.17268
0.163676
0.148909
0.168715
0.223344
0.155169
0.213237
0.244191
0.162395
0.205955
0.193786
0.196485
0.173156
0.176598
0.173487
4.27891
0.496111
0.290462
0.478471
0.169775
0.164918
0.2266
0.238846
0.172595
0.176468
0.191908
0.161104
0.170315
0.231346
0.169371
0.17516
0.175192
0.168248
0.21189
0.199037
0.209505
0.192158
0.28773
0.184624
0.199749
0.218326
0.185221
0.258888
0.175829
0.182369
0.198556
4.12728
0.19443
0.180916
0.339218
0.197871
0.200893
0.193304
0.251639
0.209551
0.247762
0.182646
0.23433
0.277152
0.248263
0.187117
0.240422
0.184205
0.244016
0.24158
0.171799
0.257444
0.19562
0.215683
0.577759
0.227688
0.21122
0.368786
0.195606
0.200305
0.207108
0.182185
0.203217
0.236428
0.200926
4.80808
0.2076
0.22059
0.196946
0.234239
0.209027
0.190685
0.195399
0.189567
0.183879
0.211093
0.19066
0.217289
0.211379
0.235543
0.244754
0.202629
0.255703
0.196877
0.185713
0.183801
0.223476
0.183699
0.220848
0.198891
0.212722
0.209694
0.195543
0.238314
0.193171
0.210389
0.230638
4.84286
0.211872
0.21734
0.20714
0.204165
0.221763
0.555789
0.190623
0.207066
0.185783
0.210002
0.210791
0.224033
0.202175
0.214335
0.51295
0.202905
0.229819
0.195813
0.194269
0.213069
0.199441
0.23798
0.200877
0.260791
0.255459
0.187534
0.214521
0.523858
0.206196
0.211548
5.76481
0.385539
0.216025
0.204706
0.239124
0.203658
0.308948
0.228105
0.339896
0.20666
0.236888
0.220612
0.206609
0.268978
0.224016
0.199362
0.223158
0.272399
0.222808
0.258595
0.267876
0.240065
0.250731
0.216806
0.238594
0.202244
0.225955
0.20287
0.216081
0.207566
0.24512
6.3359
0.23105
0.280519
0.242984
0.248786
0.240513
0.244778
0.257668
0.253419
0.222029
0.247729
0.290677
0.282406
0.22144
0.257739
0.233349
0.215966
0.580876
0.257089
0.280279
0.221572
0.253656
0.235026
0.249678
0.233622
0.2505
0.567817
0.28449
0.238544
0.630573
0.256868
0.218305
6.19359
0.235374
0.260479
0.231066
0.218995
0.271248
0.227854
0.282285
0.231358
0.344038
0.235518
0.237069
0.262376
0.237469
0.236805
0.264194
0.56781
0.268727
0.231162
0.329743
0.275035
0.6737
0.278441
0.263426
0.369434
0.239467
0.260791
0.255497
0.227603
0.300004
0.228254
8.91238
0.273832
0.235273
0.217163
0.252276
0.26936
0.25829
0.651161
0.270727
0.242541
0.258562
0.235417
0.247633
0.280284
0.230049
0.256038
0.26911
0.266269
0.250888
0.283324
0.232532
0.274204
0.284363
0.214772
0.247562
0.25413
0.270888
0.235059
0.234652
8.95547
0.280597
0.266374
0.236122
0.232908
0.650576
0.246966
0.245518
0.255403
0.254821
0.281985
0.248909
0.264986
0.25146
0.291868
0.24971
0.229433
0.242409
0.690521
0.228944
0.396215
0.236196
0.256256
0.26045
0.24349
0.327854
0.264999
0.231619
0.256906
0.255048
7.25504
0.257933
0.250366
0.300221
0.263072
0.752117
0.279362
0.261901
0.278342
0.759649
0.262653
0.24593
0.271244
0.266382
0.265976
0.263845
0.240523
0.253709
0.349052
0.317753
0.250969
0.247161
0.250008
0.254825
0.337053
0.281678
0.253137
0.289461
0.26498
0.286434
0.285146
5.88842
0.259241
0.806154
0.677002
0.249598
0.286265
0.276128
0.250069
0.245899
0.278092
0.24169
0.44898
0.28616
0.279244
0.28
0.783922
0.308872
0.27444
0.238289
0.24513
0.284305
0.254032
0.286732
0.322278
0.361998
0.253235
0.293724
0.287881
0.415102
0.249761
0.270019
0.284702
7.18386
0.265722
0.401235
0.256585
0.252935
0.296751
0.309191
0.257828
0.297459
0.283156
0.251684
0.289326
0.294412
0.250092
0.255979
0.248034
0.277052
0.273457
0.708191
0.274336
0.2445
0.257372
0.250975
0.290601
0.313543
0.268442
0.307842
0.245269
0.257921
0.280031
0.299475
0.251977
0.280615
0.253868
0.27439
0.261637
0.385441
0.426093
0.73432
0.294346
0.264223
0.253921
13.1565
0.282697
0.281641
0.289839
0.279726
0.270926
0.256462
0.307048
0.339107
0.238788
0.264595
0.262903
0.272371
0.808112
0.268007
0.29125
0.319414
0.537883
0.855968
0.269859
0.275421
0.304938
0.298207
0.324277
0.243397
0.263142
0.28149
0.269507
0.30707
0.283328
0.296009
0.301692
0.295788
0.303532
0.316831
11.9107
0.288718
0.284993
0.322393
0.298027
0.273977
0.289218
0.275564
0.324666
0.307191
0.844181
0.303156
0.299433
0.314743
0.293017
0.283497
0.292885
0.312389
0.267813
0.290803
0.302032
0.368907
0.282511
0.274653
0.251698
0.327449
0.275864
0.322108
0.272866
0.280421
0.319209
0.283091
0.308731
0.293407
0.35292
0.30187
0.294563
0.271009
9.7718
0.852393
0.297183
0.312682
0.301116
0.296549
0.774242
0.290688
0.27483
0.280712
0.302012
0.362629
0.337864
0.304228
0.299244
0.316066
0.59933
0.307942
0.300104
0.281189
0.32745
0.316564
0.273515
0.301634
0.309122
0.336769
0.281574
0.354282
0.323582
0.279197
0.310352
0.278201
0.290731
0.313684
0.306063
11.7274
0.319067
0.385345
0.289418
0.318754
0.295041
0.296305
0.294223
0.327677
0.321189
0.287852
0.321971
0.344447
0.33922
0.304156
0.292036
0.322899
0.282606
0.301496
0.301485
0.3324
0.314889
0.337065
0.318757
0.300222
0.297417
0.625796
0.300177
0.299006
0.324687
0.313903
0.293044
0.351218
8.52487
0.342336
0.305254
0.304958
0.314892
0.331644
0.383335
0.301788
0.2883
0.896689
0.304254
0.529316
0.311618
0.297613
0.294192
0.303327
0.312235
0.311805
0.280677
0.303335
0.335416
0.343536
0.350223
0.307444
0.305178
0.318845
0.317934
0.328408
0.362969
0.303171
0.301309
0.300204
0.293735
9.43077
0.333414
0.903078
0.31011
0.321938
0.672451
0.335938
0.346384
0.357001
0.363274
0.315321
0.337865
0.373091
0.304423
0.326868
0.346548
0.306364
0.308251
0.312191
0.893825
0.332789
0.34203
0.32304
0.315871
0.305849
0.348197
0.308695
0.310064
0.313315
0.341851
0.327742
0.328246
12.1311
0.344709
0.32726
0.962142
0.384331
0.36701
0.326606
0.325807
0.356823
0.328022
0.3325
0.312994
0.353865
1.02405
0.365177
0.343033
0.331769
0.366033
0.381975
0.310593
0.400456
0.314503
0.336124
0.712064
0.317308
0.320409
0.35014
0.336958
0.353542
0.314677
0.316704
13.0404
0.375638
0.941204
0.356823
0.335765
0.351223
0.366034
0.363414
0.350915
0.323328
0.335679
0.336625
0.932618
0.397108
0.326353
0.432939
0.350913
0.314694
0.372234
0.362372
0.324939
0.341557
0.380773
0.347884
0.33671
0.379916
0.34484
0.33295
0.329737
0.333994
0.321895
0.414557
10.535
0.372067
0.377397
0.411304
0.331127
0.35438
0.336695
0.331913
0.374509
0.326144
0.986586
0.335295
0.374699
0.384076
1.05637
0.347326
0.334346
0.356833
0.329127
0.351739
0.360035
0.345783
0.35057
0.403977
0.333494
0.323284
0.41376
0.36019
0.348408
0.367199
0.365499
10.1188
0.351806
0.359174
0.354911
0.402016
0.425738
0.36874
0.401804
0.416511
1.2393
0.402342
0.374479
0.357578
0.38011
0.454188
0.360014
0.367968
0.355679
0.364786
0.357673
0.371201
1.07772
0.384026
0.382396
0.35535
0.380574
1.06195
0.368919
0.402882
11.0302
0.378221
1.23941
0.377637
0.383508
0.377882
0.370659
0.371225
0.406944
0.406676
0.391497
0.402451
0.398469
0.403476
0.387113
0.402624
1.19532
0.376703
8.3498
0.36934
1.16982
0.473379
0.403999
0.385014
0.428089
0.535223
0.420946
0.395684
8.1027
0.384611
0.401457
0.39245
0.422241
0.394424
0.427089
0.387239
0.391973
9.27446
0.391942
1.27128
0.4741
0.581947
0.389276
0.394236
0.397017
0.427053
0.39436
0.388448
0.429788
0.394598
0.395638
0.394545
0.381385
0.460289
0.409954
0.392677
0.482402
0.429186
0.407637
0.427379
0.416203
4.54944
0.417989
0.447082
0.404347
0.568863
0.403199
0.428812
8.38952
0.500901
0.420777
0.441279
0.428138
0.425945
0.458299
0.42491
0.433852
0.441476
0.415436
0.415121
0.425698
8.46211
0.425242
0.444415
1.1972
1.3156
0.460263
0.599252
5.57032
0.783205
0.906195
0.433148
0.493704
0.433181
0.435251
1.33586
0.437035
0.445252
0.441806
0.448388
0.444055
0.575516
0.464927
0.454274
0.528398
0.451772
0.451796
0.480245
0.42929
0.433682
0.441931
6.59647
0.432868
0.410155
0.414498
0.406526
0.491119
0.411545
0.431282
0.422424
0.462868
0.424176
0.443054
0.505963
0.422896
0.434243
0.425022
0.402015
0.427888
0.428153
0.404948
0.480691
0.423739
6.73625
0.438487
0.482089
1.41506
0.452362
0.505065
0.457152
0.479433
0.440322
0.455479
0.435476
0.453086
0.481222
0.487566
0.446073
1.37654
0.449434
0.450712
0.459444
0.432573
0.448345
0.478418
0.462404
0.573977
0.443489
0.464663
7.00671
0.460174
0.490577
0.471689
0.467314
0.499099
0.503412
0.476066
0.467185
0.46221
0.457367
0.466195
0.461113
0.460313
0.45885
0.512205
3.37213
0.607813
1.39947
0.462612
8.27616
0.58392
0.480829
0.564481
0.567322
0.491373
0.593106
0.497093
0.460159
0.46537
0.472884
0.491122
0.477766
0.47113
0.471853
3.0415
0.468391
4.73404
0.504959
0.486239
0.465772
0.525146
2.57955
0.502217
0.46939
0.509845
0.482424
1.6082
0.47259
0.522919
0.46779
0.460657
0.467091
1.48362
0.468461
0.468481
7.10005
0.600713
0.469091
0.461386
0.511041
0.475213
0.479937
0.467499
8.88427
0.483253
0.50738
0.518058
6.59198
0.500656
0.513995
0.500099
7.16859
7.87102
0.508472
1.6736
0.514595
0.529907
0.481015
0.483373
0.550025
0.483646
0.49249
5.31735
0.490628
0.525921
0.675357
0.568004
0.485642
0.504236
0.494255
0.488755
0.48569
0.550824
0.511819
8.61422
0.553327
7.40015
0.478368
0.600355
0.53961
0.543687
0.498676
0.491931
0.602806
0.486413
0.507707
8.28502
0.544502
1.59095
0.534126
0.519981
0.501185
0.532413
0.562448
0.502157
0.534325
0.477173
0.532794
0.478925
0.492464
0.49957
0.554727
0.488059
0.499638
9.53367
0.700045
0.535832
0.517688
0.570294
4.00539
0.535698
0.520521
0.549026
0.515044
8.58774
0.529066
0.497527
0.511545
0.501899
0.721275
0.522113
0.545326
0.512316
0.498842
0.49149
0.603352
0.557945
0.525432
0.520317
0.508902
0.512979
9.52606
0.543547
0.563574
0.52889
0.553388
0.56736
0.548149
0.577764
0.513529
0.530104
0.519757
11.3433
0.630318
0.521014
0.49707
0.525907
0.545334
0.521452
0.559818
0.5278
0.559226
0.562334
0.529051
0.556415
0.497173
0.663387
17.5281
0.520407
0.523664
0.500516
0.522941
0.498956
0.538774
0.598746
0.519762
0.524944
13.1718
0.533021
0.660746
0.534027
0.512033
0.500527
0.515335
0.532801
0.550588
0.52518
0.551279
0.535846
6.11542
1.69702
0.5546
0.530694
0.799053
8.4345
0.727618
10.5075
0.606509
0.551045
0.575677
0.533028
0.678007
1.58784
0.533287
10.1583
1.70553
0.531095
0.510562
0.583321
0.521415
0.549044
0.554124
0.523822
0.540511
0.510171
0.512437
0.617575
0.533045
0.505433
0.550322
8.70529
0.540067
0.564842
0.529488
0.522863
0.540635
0.529403
0.534294
0.53572
0.521556
9.0528
0.612097
0.530999
0.514809
0.573698
0.536746
0.51964
0.741866
0.548479
0.503324
0.626369
0.509804
0.527427
0.540317
19.0757
0.549932
0.552426
0.60717
0.771778
0.625894
0.549957
0.567931
0.668587
0.615566
0.537768
0.637614
0.578038
11.8351
0.690331
1.55887
0.538947
0.560946
0.571964
0.548449
0.579649
0.531152
12.0057
0.58345
0.604527
0.570093
8.90495
0.632556
0.595948
12.4731
2.02694
0.603187
5.61211
0.714106
0.613203
11.4795
0.675132
3.9541
0.639038
0.646532
0.661575
7.29306
0.634222
0.643918
4.27526
0.641704
0.646489
0.668342
7.08469
0.697659
0.655888
0.704417
0.687391
9.54998
0.757707
0.654247
0.692395
0.636435
0.656054
0.745143
0.737791
0.658411
0.853744
0.888947
0.719347
0.685098
0.687537
0.653346
0.716113
0.699854
0.643706
0.690865
0.67294
0.656385
0.646242
0.639699
0.757231
0.650689
0.657175
0.63882
0.679548
0.682515
7.40724
1.32563
0.673146
3.44873
0.674278
0.678801
0.635066
0.671186
0.655663
0.710376
0.691157
0.683431
0.64513
0.650385
0.648657
0.682602
0.693933
0.649749
0.652762
0.661488
0.649831
0.670401
0.74533
0.721298
0.708639
3.90156
6.47517
0.65897
0.709434
0.665995
0.674218
6.73212
0.678024
0.687583
0.663058
0.68506
0.677363
0.668553
0.655502
0.666106
0.694511
0.676487
0.671442
0.836821
0.682946
0.676059
0.677434
0.698173
4.96177
6.35167
0.822596
0.696309
0.742574
0.707133
0.746605
0.743326
0.671501
0.692495
0.676673
0.696638
0.66643
4.90142
0.671893
0.679396
9.30755
69.706
1.31471
0.692156
0.804103
5.0599
1.6742
15.857
0.854556
0.724537
12.881
0.715948
1.42146
0.721266
0.752754
0.699749
0.677358
0.70155
0.729312
0.678445
0.726211
6.98788
0.776897
0.706667
0.724747
0.812926
1.40036
0.742202
0.73906
0.731161
0.753735
10.2932
0.732095
0.747675
0.757886
0.696335
0.730779
0.696232
0.761488
2.05605
0.719701
0.715231
0.707223
0.724998
1.16675
0.734781
8.22295
1.23637
1.03755
0.745954
0.740382
0.714522
0.673695
0.704161
1.12166
0.701894
13.6985
7.96948
0.729808
0.729285
0.887599
0.842114
0.7516
0.787151
0.717585
0.758451
0.719296
0.738859
0.830127
0.77289
0.74091
0.736571
0.730149
0.759125
7.24009
0.76778
2.46494
0.770115
0.747667
0.765914
0.795794
0.757455
0.710476
7.43461
0.73014
0.771077
0.780166
0.775483
0.755909
0.765978
2.09122
0.809188
0.779349
0.751243
0.752327
8.41129
0.796831
0.743216
2.61017
0.728415
0.787008
0.769674
0.752117
11.8793
12.0472
0.76146
0.808835
8.50161
38.2237
0.752981
0.717562
0.739171
0.740332
0.890991
0.815507
0.769156
0.889611
0.736507
0.757439
0.717678
0.75988
0.804491
0.794574
0.721789
11.835
0.754722
0.792777
0.814082
0.770846
0.722857
0.731759
7.73217
5.34081
1.54751
0.7331
0.96091
0.721087
0.755368
0.743557
0.757211
1.02139
0.746834
0.746952
0.763285
0.714662
2.41111
0.727397
0.720058
5.22497
0.777502
0.76585
0.759054
0.915083
0.748084
0.718763
0.825201
7.90429
9.1203
0.753375
0.807751
0.892063
0.980531
0.728318
1.05615
1.48597
1.57717
0.875993
2.51215
0.90227
0.73638
0.930177
0.883904
0.829979
0.768882
0.730052
7.2688
0.786684
0.878082
0.75257
0.745537
0.805864
0.771512
1.02141
4.66527
0.762695
0.818507
0.883649
2.58542
0.785465
6.80341
3.65778
0.78168
0.80973
0.809097
0.775229
0.77383
0.788862
1.68332
6.83825
0.782715
0.854284
0.802604
0.824051
0.766752
0.753701
0.792152
5.30815
4.68089
0.75899
0.793682
0.821489
0.791086
0.758147
6.69971
0.840084
0.944174
1.84709
0.838659
0.8193
0.767551
0.796616
0.789728
0.929095
3.41669
0.776508
0.980039
0.762034
2.72972
0.788748
0.791761
6.92236
0.844372
0.893024
0.799216
0.837171
1.00273
0.986383
0.829137
5.75479
0.886397
0.849549
3.76161
0.855979
0.956793
0.860432
0.795443
0.88071
0.844158
0.885374
0.945053
0.807324
2.8633
0.889211
0.856992
0.850504
1.05903
6.9463
0.823781
0.886602
0.84337
0.87055
0.815145
1.26263
0.815099
8.18127
0.799286
0.862717
0.827877
1.5685
2.10555
0.834979
0.823031
1.10615
0.840338
0.82095
0.854982
0.926033
0.817609
0.816661
0.781242
0.841171
2.52756
0.858449
0.82098
0.855426
0.831412
0.940019
8.4639
0.822686
0.848109
0.842092
0.884515
0.861444
1.04096
3.70466
0.910955
0.880072
0.920641
0.823607
0.88615
0.85264
1.05192
0.832629
0.825768
1.17882
0.845519
0.929549
0.883991
1.07285
0.78751
0.820807
6.02383
0.849163
0.931889
1.20082
1.64604
0.946678
0.894342
0.820649
0.823649
0.822866
0.855304
1.00947
5.88613
0.851161
0.875473
0.897755
1.00207
2.58969
0.869955
0.819375
2.21608
5.07519
7.33569
1.02805
0.958478
0.883451
0.840962
0.896289
3.99376
0.807594
1.20847
0.856347
3.38884
0.832134
8.15318
0.999659
0.8626
0.864583
1.01585
1.40306
3.51184
0.90651
0.881083
1.0064
1.05294
6.28534
5.1803
0.876847
1.00363
4.60808
0.876334
0.857361
4.32878
0.876013
6.70392
0.866899
0.985774
0.923353
0.892199
0.95537
0.871573
8.00726
0.94144
0.911701
3.01258
1.16785
0.921913
0.873737
0.899534
1.15278
0.951923
0.967353
3.46733
0.958015
0.86892
1.06936
2.33981
1.11066
0.92198
1.37796
0.901204
0.854235
5.3465
0.91649
1.14632
0.948856
1.20792
1.0083
0.915533
1.15885
1.07144
1.20553
0.867391
0.960381
0.930537
1.30654
1.07312
1.10686
1.00879
1.24475
0.983045
1.92017
0.901244
0.891237
0.958435
1.07493
0.947532
0.980718
0.919911
0.892394
1.05013
0.905878
0.905381
0.917655
1.17656
1.11291
1.06516
0.907193
1.04734
1.0171
1.05202
0.907757
0.895459
0.884902
0.884214
1.08402
1.01259
0.945558
0.967289
0.88448
0.884225
0.929269
0.901686
0.949818
0.961991
1.02591
0.903288
1.21471
0.955722
2.98358
1.0691
0.99004
0.890188
0.910671
0.913494
1.09142
0.929319
1.43396
0.906932
1.07141
0.88507
1.22075
0.966647
1.28783
2.31254
1.43848
0.892432
0.937377
1.27548
1.16571
0.858836
0.968809
0.92006
0.894344
0.94394
0.91244
1.02487
1.49086
0.871429
0.990378
0.908149
1.08055
0.906115
0.923107
0.877955
1.0754
0.887915
0.901028
0.93851
0.923169
1.20623
0.949295
3.1265
0.909568
0.910815
1.23875
0.972987
1.71341
0.935538
1.04134
0.983716
0.886374
0.915413
1.06406
0.900206
0.884254
1.1395
1.03594
0.968101
0.99512
1.02043
1.4734
1.03674
1.0054
1.01529
1.08376
1.10388
0.909408
0.958632
0.891045
1.03887
0.952579
0.895445
0.912915
0.912742
1.08071
0.904599
0.893091
0.899312
1.32921
1.09507
0.883531
0.931309
0.932309
2.04565
