16.6848
17.6921
15.051
15.8208
10.1945
13.2612
25.114
9.05415
21.0031
13.1187
12.9935
20.0011
18.2605
13.5897
30.9589
12.745
14.7623
12.2451
11.8501
11.0499
27.8373
15.7548
12.8284
11.5639
11.567
13.2608
12.5489
10.5926
10.6493
25.719
15.9235
13.35
16.6929
12.7229
11.5663
19.162
12.3272
10.7687
13.5254
12.325
20.7882
22.8812
18.1051
21.932
27.3974
21.5763
28.345
17.4771
14.3615
14.6685
24.5811
14.425
14.9228
25.2818
16.4712
17.7367
26.1867
19.84
17.5673
18.0799
18.2038
17.1048
26.3422
18.3915
22.6905
13.9971
17.0532
15.2339
17.7211
16.5074
17.0399
22.0381
16.3013
13.3312
15.3215
17.3021
16.1084
15.2133
16.6722
21.1214
31.9667
18.481
16.3396
15.6304
16.7853
17.5064
14.8468
16.692
18.6856
20.423
19.0755
25.8244
16.5205
15.9688
16.7223
15.3023
17.6931
21.5229
17.052
18.1538
14.8005
23.618
17.9611
15.4342
23.6831
14.1966
14.8005
24.9311
20.4454
20.7133
24.9317
17.5697
19.8066
24.3537
15.2584
13.6981
23.2549
15.625
20.7278
24.1759
17.6715
17.239
18.0779
16.5531
16.5343
16.7581
14.0423
14.8529
16.4759
15.529
14.4556
22.08
17.2533
17.9976
22.4373
27.2575
16.7335
21.9771
16.1392
16.7546
22.9243
23.1321
15.4575
27.9283
14.6034
16.4277
14.3848
18.2111
21.0947
26.6745
20.1133
17.3619
22.9665
20.3586
20.4829
20.3453
16.4638
16.4463
28.5743
18.0555
19.548
26.7378
22.482
16.5278
21.2653
18.1863
20.2011
41.8118
21.6172
19.6863
19.1772
22.0106
22.5237
26.7366
18.6154
22.5867
28.4097
20.7569
19.124
25.2412
20.3802
27.3056
29.6082
21.8729
23.3041
22.6137
22.8035
17.9081
34.1573
19.7952
30.2882
26.3498
19.233
19.3201
39.7905
18.6927
17.5203
27.5626
18.4987
35.5653
27.9742
19.0611
17.9238
29.1126
19.3556
21.353
27.0115
17.6208
24.7296
26.14
14.6153
19.0111
23.1747
17.6767
16.9068
28.7066
20.6207
22.8835
16.5912
17.4862
15.5861
25.6955
21.3461
16.7372
28.0022
20.3757
15.369
28.2002
23.6293
17.4277
51.5998
22.2345
17.3948
25.3956
15.7917
20.7857
27.1094
20.7079
22.2007
24.7968
19.9304
19.4305
24.0252
21.9811
18.9593
25.947
15.6276
18.5306
26.5693
19.2118
18.5743
27.9428
20.1761
22.5649
20.88
19.4921
19.9676
22.9115
23.7661
23.3494
25.7418
22.6368
18.2058
22.0249
46.5139
18.7175
22.7487
19.7749
16.9818
27.3334
21.677
23.5718
26.6213
19.2245
16.9853
40.8202
22.3336
20.12
25.0189
19.6102
20.4407
25.68
15.8502
17.6219
25.6308
21.2339
15.4335
30.1589
20.2147
19.3062
27.4581
22.4127
17.9204
19.7227
19.7288
22.5544
58.2938
22.0836
19.0926
24.65
21.3031
19.6413
26.7492
25.3223
18.1085
22.5499
24.9445
19.7471
18.3247
20.6507
27.8986
30.7148
19.4756
24.1602
29.3278
21.3264
21.4872
28.7549
17.816
21.5926
29.1147
23.5315
21.7714
28.7977
21.8674
21.9567
23.1318
56.0345
20.4769
29.1508
22.4424
24.4203
28.706
19.7777
22.1946
28.1111
20.4891
23.1781
23.0527
22.5798
22.429
29.7273
21.7947
23.1398
27.8926
23.785
23.3387
29.2163
23.5293
26.8529
32.08
23.1195
18.2897
22.9256
22.3824
22.7831
20.3398
29.6324
49.9477
19.2641
21.1134
22.0944
26.5994
24.1418
19.4862
21.0587
22.0304
19.8158
18.4864
21.2617
18.9715
27.2057
23.5038
26.4841
20.1653
19.9809
19.248
30.0583
20.3587
19.324
28.1959
22.2236
20.333
31.2238
20.5375
22.1364
33.6696
20.7617
25.3677
39.3565
49.2801
22.1316
26.4092
25.9836
19.0901
27.7482
20.7045
16.7708
20.9975
26.2782
19.4267
17.1712
20.8388
22.8737
24.1299
18.7873
19.5929
29.8726
19.6316
20.8722
19.2077
22.5242
21.5258
18.8557
22.3371
22.3553
28.5005
27.656
20.486
30.11
22.7182
59.9809
24.2497
26.2297
23.9529
30.8643
25.2522
31.1865
33.6863
21.159
21.7014
26.1286
23.7996
19.056
23.8354
21.5097
18.7834
21.3236
20.5164
25.6268
38.5811
22.1464
24.5278
47.6931
22.5458
26.1777
32.9146
23.1932
26.9006
30.6777
54.1056
22.1454
27.3251
30.8818
19.664
23.8384
21.6556
18.5067
27.6363
21.9301
25.1045
27.3681
19.8013
20.3582
18.8228
17.2503
26.8113
29.1076
28.5609
20.5163
17.737
22.6775
22.0456
31.4714
20.8108
21.6606
28.0761
24.1455
27.1028
18.656
72.9006
23.2906
21.7224
32.7374
20.6924
32.8116
22.0308
23.2815
28.1796
21.4259
32.2873
30.5734
21.1199
28.1697
33.9714
30.2307
25.6271
35.9721
22.4398
22.7019
26.9707
25.4316
20.8113
32.8654
21.4889
25.4328
29.7276
21.1065
30.0583
28.0321
23.9393
67.5802
28.0453
31.4475
30.1293
25.9435
23.701
22.5479
29.9822
20.1194
29.3718
30.1459
24.3593
24.262
24.5268
19.215
21.5364
21.0097
29.306
24.6565
34.8155
26.1668
24.0186
31.4281
27.1085
21.9892
30.4462
22.9428
20.9345
32.7872
21.1889
22.1898
26.057
68.1808
18.6442
28.1865
24.7345
19.2551
21.598
24.4438
25.3973
28.7364
25.2088
26.2404
26.1621
23.8324
20.4102
22.2596
24.5187
23.4021
29.5956
22.9196
25.3454
30.3466
17.477
23.69
27.7772
31.5691
24.3887
24.5736
26.8284
23.401
30.2469
23.9371
22.2116
26.3466
26.7471
19.6787
36.5393
19.3784
19.6959
28.4482
19.6121
27.5139
29.0857
66.0363
22.3164
33.3254
21.1543
26.8422
30.9055
21.755
20.2196
43.9899
21.9874
23.6221
23.3735
19.6893
24.6964
30.1818
20.6527
18.1506
28.2523
19.2291
21.2501
34.0852
21.1663
21.7483
30.8305
21.8167
26.5205
29.9615
21.1945
26.1245
25.2188
20.6806
20.4709
21.1
21.7651
33.2346
85.2529
25.1014
21.5753
43.4997
23.0207
21.287
29.0843
20.6228
25.1388
28.0968
27.3585
23.4493
32.7679
19.7485
24.9117
42.9089
27.0714
25.5253
39.7484
22.7071
21.7796
30.3939
24.2302
23.9651
28.3569
28.1958
24.4043
23.5303
22.2975
19.8001
28.7442
28.646
21.0195
30.2942
20.9341
20.3278
23.1021
18.7901
89.8415
28.5148
19.6213
24.8807
20.3896
39.9896
21.3765
16.7094
19.5252
24.3095
25.4213
21.6492
27.9788
20.9364
21.5812
21.0022
17.6994
25.8911
29.4377
21.7753
21.7982
16.758
21.1906
22.4151
30.7419
27.037
19.1838
23.317
28.7946
22.9443
25.574
20.6016
24.1896
31.2664
25.4516
77.5434
26.4603
23.6471
18.9862
28.3648
28.3633
21.5481
25.6356
25.9851
22.071
28.0917
23.509
19.2986
22.9075
21.3651
21.8097
24.6829
27.3102
22.4872
20.9712
22.038
22.5751
20.1723
20.2099
23.5798
22.9913
24.4802
21.1865
25.6897
23.4437
24.8476
27.6232
24.2923
86.6985
24.9148
21.5764
22.7658
30.2052
20.9854
23.2814
30.6414
26.1894
23.0541
29.1719
26.733
28.6909
32.2907
24.34
24.7254
22.3693
25.68
28.0698
22.6329
20.1194
21.245
31.2802
24.9628
22.6029
34.1392
27.6093
28.0925
20.432
26.2211
24.1677
25.0046
29.176
77.9557
26.1805
22.1323
21.3523
26.1261
20.6935
21.5374
21.7539
21.7172
26.28
19.0588
23.0117
25.7573
21.6766
21.5336
33.3692
24.9848
24.5433
21.9665
21.4882
24.352
27.5696
21.7446
25.2774
21.1848
23.7601
25.6516
29.3268
27.5927
22.9512
19.4522
24.7985
84.3523
25.1994
34.349
23.0925
26.4802
20.032
22.341
30.2648
27.1443
22.7015
30.7343
21.9693
19.7878
29.9466
21.0749
25.454
23.8755
25.3083
26.2899
39.6587
25.6265
21.9941
20.1395
22.6768
24.8036
23.5362
22.8025
27.6939
29.3535
22.238
29.1044
91.8063
28.421
22.5103
25.2813
21.9141
22.1933
22.1219
29.3101
26.7761
29.1418
22.1516
22.6557
27.0034
23.954
19.0098
26.2404
23.2355
23.0669
26.5289
23.2809
27.289
22.5524
23.883
27.1995
24.4552
21.9071
23.1026
21.3912
18.9193
28.2292
18.5128
23.2245
83.6359
20.0493
17.8433
22.3326
24.189
20.6938
23.443
29.7825
25.7179
23.77
25.1407
19.0211
25.4614
27.37
26.0797
20.0988
34.189
27.1677
20.8311
28.7767
19.7378
22.8056
20.6604
23.496
31.47
28.1365
20.0931
20.4804
26.8455
21.5007
22.0772
75.5713
19.9439
27.6617
25.9209
23.929
19.7954
33.223
18.0124
36.0727
19.8286
25.3072
23.8707
30.1471
21.2062
24.9145
23.7986
23.9941
22.2467
26.2985
21.3591
30.6009
21.1219
20.9341
27.081
23.9316
25.86
21.1501
29.4555
26.795
92.7235
27.6184
20.2402
23.2393
24.2505
27.3002
22.7649
36.0368
25.1352
23.3909
27.8723
25.3116
19.0796
27.3564
21.6205
19.8693
28.2694
19.6233
73.797
24.8328
18.7142
18.9655
17.3177
17.5173
21.0056
24.713
21.8782
21.9275
75.0026
20.2018
19.5358
27.3896
22.6929
21.1403
23.7216
19.957
18.9202
75.0316
20.0393
20.5335
20.42
19.9657
25.4404
27.3945
25.9764
23.9819
15.8047
23.0132
20.9826
30.5151
23.5429
24.128
31.1453
23.4179
23.0239
24.8231
20.7077
21.5817
20.5599
23.4534
25.1042
67.0303
24.5332
22.4198
22.2388
22.9822
24.8463
32.595
65.2577
24.7021
26.1774
26.3552
29.0985
22.0962
23.0284
25.2613
17.2403
26.4711
23.2138
32.0154
26.2437
73.7045
35.2183
22.7536
21.1056
21.2339
19.807
21.8101
65.9812
26.8597
25.2418
34.9586
26.9469
25.7356
34.7533
24.4835
26.4242
33.5059
22.7253
31.3345
28.9641
26.3234
28.9275
29.4298
29.5177
24.0218
27.2994
29.8243
26.7636
25.8288
22.7658
65.3853
28.2162
23.531
25.1908
30.8931
23.585
25.4523
27.4002
25.6745
24.4625
31.9949
25.9212
23.2498
29.1873
21.2792
26.8022
33.0406
28.3046
28.5574
25.2096
27.3005
25.4292
73.7039
31.932
24.9826
23.7499
20.898
26.4973
30.6463
24.4847
27.4743
31.7166
24.7461
29.0078
33.8124
27.0574
24.2927
26.6283
21.6398
28.763
28.5698
25.294
29.9389
24.4664
25.2275
23.4259
29.2241
24.143
67.3463
24.914
22.4859
26.1926
35.4056
23.5896
20.1664
26.7998
23.0956
27.015
20.4785
24.1758
23.1589
39.3379
23.6606
22.9975
68.1053
21.6821
27.2199
23.9398
88.0754
20.7056
24.6807
21.0983
26.2732
34.3998
26.1686
26.9547
29.8357
25.458
28.8975
22.7961
23.9084
29.6113
23.5279
65.3613
25.0564
86.5179
25.0129
22.1017
18.6013
22.2663
490.143
31.7082
20.8529
26.9443
29.7873
25.1721
24.5955
24.8713
25.3006
30.6899
27.9375
25.819
25.921
40.8523
84.1569
22.1776
27.7608
20.748
25.7472
29.3446
25.4723
26.1299
81.6557
22.0754
22.6242
33.5672
74.8419
24.2215
29.3234
28.1664
71.2403
76.8764
21.6971
27.0427
27.5635
23.9317
26.2044
35.0333
26.1485
24.7141
33.2964
80.6263
21.8262
34.2079
28.5676
22.9768
25.2494
22.7452
23.6569
21.6217
22.2654
25.7722
16.7759
75.945
22.1749
92.8411
22.9613
20.7962
18.3263
26.8885
23.8967
31.5896
27.3002
23.9732
24.1227
84.9616
18.4571
21.0179
24.3221
19.7594
28.5221
19.2832
22.941
23.8081
25.8361
25.5776
25.0604
25.693
26.6331
29.2586
27.5415
21.8262
23.8106
85.2075
20.692
22.4544
21.4735
25.5162
93.9561
20.3992
23.8599
22.6089
22.0334
85.0955
37.6888
25.7066
22.4594
17.3201
20.5059
26.7263
26.7315
20.694
23.5261
28.5682
17.3536
22.9715
28.3478
20.4247
24.3894
26.2089
91.5929
19.3871
20.3903
23.6116
23.7621
23.0738
30.2496
30.1018
26.6892
24.0386
28.4102
100.972
21.0419
26.6012
28.0228
28.3069
20.4811
31.5803
24.2716
26.0463
34.7113
25.565
19.2721
41.4123
47.4387
35.0662
96.3707
21.1561
27.072
28.1031
25.2204
23.1614
31.3172
21.5664
23.04
20.0514
108.485
21.1694
31.6734
23.6601
26.6287
26.5671
26.6892
20.9381
19.4411
29.6205
22.6977
21.0162
101.143
20.067
22.584
18.0811
24.5757
101.728
19.6312
132.507
16.5518
20.8691
25.5221
31.4222
24.344
19.6539
35.6253
93.1456
25.4839
24.9291
23.3118
28.0806
21.9874
30.4717
26.9074
23.3391
23.6993
24.6106
19.9121
28.1547
24.5803
25.6143
21.3731
123.843
23.2597
23.7468
23.8674
32.5818
20.1983
22.3369
19.7156
25.4315
23.5644
114.078
28.3066
24.9957
25.3076
21.1551
25.084
23.2267
23.9501
26.4736
22.7429
24.8647
21.5249
24.2012
22.1839
132.888
17.8775
23.921
19.686
21.2319
24.2656
22.6055
37.2747
25.6097
25.7571
30.7764
16.7854
23.5072
113.738
21.0028
23.3076
27.3224
23.9402
29.4096
35.9521
25.6232
33.7516
149.154
21.7105
22.791
29.5551
103.777
19.2475
28.504
67.0849
22.0013
29.9328
68.1644
18.9935
29.6789
57.7031
21.8663
65.902
24.8258
20.379
29.8901
52.1319
23.0818
28.3053
63.9216
27.1301
31.6385
24.988
65.8012
20.3548
26.0383
24.1583
22.3753
64.6731
21.7246
23.1417
25.2518
25.4887
29.3224
23.8016
29.2113
30.9001
29.6422
22.8039
28.4477
31.4752
30.8391
31.3783
25.9433
22.1744
32.3565
24.0126
22.4186
26.7645
24.2366
28.3649
21.7427
24.6228
25.2561
23.5577
24.2351
25.2471
94.2519
21.1251
23.3287
82.6632
24.7051
26.4908
29.9887
25.6921
26.2694
29.4616
26.3643
21.1404
25.4058
26.0399
27.8238
29.6577
18.4473
20.4927
24.2029
24.6005
22.9235
27.2792
19.8022
26.1512
23.7669
70.9551
82.0683
20.9442
22.2291
22.8934
25.1958
60.6886
23.5667
28.1316
22.6462
21.0794
18.7204
19.8403
22.9917
28.6388
20.2694
22.3569
24.8051
23.0271
24.5576
32.2231
23.1239
23.9873
78.1476
67.1043
26.7805
32.7929
25.9785
22.2202
31.7929
24.1014
24.3863
20.9119
19.3823
25.2006
25.4889
98.3974
20.1748
28.7424
100.267
61.7775
102.333
19.2666
20.1364
29.1547
100.324
19.9506
77.8603
26.8242
22.7878
91.6529
18.7431
19.4436
28.3874
21.0837
26.3617
15.3818
24.473
30.3711
22.4743
23.2884
85.0782
21.9569
28.6143
26.533
20.8556
19.001
25.1594
30.6566
21.8088
24.452
96.7424
18.6019
24.4062
21.0668
25.0623
23.3383
19.9126
26.5842
22.745
29.6545
25.3862
29.6365
36.6366
28.1241
20.7858
100.108
20.8752
21.82
18.11
32.1976
29.1721
25.8904
18.2867
23.4209
30.9983
83.9277
118.967
21.1358
17.4154
20.4231
18.7137
22.7996
22.9468
18.8839
21.9198
20.0356
20.3901
22.6435
23.8296
26.8918
25.3475
28.3944
29.3069
82.7732
17.0537
18.5625
14.9511
22.6255
21.9469
21.1506
27.2249
23.283
92.7547
18.2312
14.2284
17.0048
26.9236
20.6596
19.7579
19.9573
18.2214
23.5899
23.9482
28.8619
104.819
17.3875
17.4455
23.3226
25.3156
22.5995
22.0827
24.258
88.4861
94.1228
22.3745
19.5639
126.878
25.8149
93.7569
19.4094
21.3804
19.9749
19.1138
16.7616
22.2221
17.5961
22.4276
26.0161
25.5343
25.4193
17.4187
16.1009
19.7331
22.716
75.6766
18.3927
17.2061
19.9094
22.028
27.1159
19.0713
87.3728
67.5309
22.0523
29.9195
20.4666
20.5494
16.4636
19.2892
18.7752
18.9791
20.1706
16.2051
20.929
28.9078
19.4261
19.145
16.0024
61.5265
18.9312
20.1099
16.0876
21.3969
20.2804
19.0813
17.3853
69.1147
70.5224
16.8224
19.2394
16.5632
21.3717
16.5446
17.9535
17.4198
16.7894
18.2369
19.4374
22.939
17.8877
17.909
17.5319
24.0979
22.3079
19.8383
56.4263
18.9807
20.2964
20.7399
18.4247
22.9511
20.4196
24.6133
76.0717
21.2156
16.3405
27.4766
19.5307
19.8298
70.2523
63.7205
18.9507
25.5895
18.3803
21.6125
19.2654
16.8167
24.8923
72.3348
19.1709
20.1561
23.7034
22.2083
20.6159
22.2185
17.6229
57.4801
65.0719
17.8214
23.5588
24.2409
16.4472
18.5767
60.9283
16.9243
15.3877
20.9773
23.215
17.6043
25.8119
23.1811
17.3843
24.6103
50.1915
18.19
23.2853
21.3494
21.2377
13.2848
20.0914
49.7234
24.3334
19.239
20.445
34.8126
16.2897
16.4654
21.6676
44.4882
19.673
17.6093
51.3396
17.2526
15.3705
23.2305
18.7531
21.272
25.7621
18.8066
18.4677
17.5997
16.8216
23.4668
15.5714
16.0745
26.6739
52.1086
18.5765
24.3067
18.2735
15.6065
17.6418
19.608
14.8547
61.0322
15.5768
19.9315
15.7794
22.2088
15.1308
16.2119
16.897
15.5178
15.3987
18.2898
16.9793
14.8726
18.1708
20.6734
23.5026
17.1891
16.5873
21.8588
15.9145
17.4363
16.3743
16.3266
48.4817
15.542
20.6127
16.171
14.9501
16.8034
15.1863
53.2219
15.6468
17.4027
21.0859
16.8717
23.5141
14.71
15.2196
14.8118
16.6037
13.6436
15.372
15.9568
17.568
14.903
14.8809
20.5133
45.1376
16.0688
16.4723
18.9087
15.5679
15.6292
15.8859
23.9463
14.0281
14.0674
14.8247
16.0709
47.0652
13.1546
16.1418
13.0762
17.977
14.7435
14.086
15.3315
16.712
50.025
51.8293
16.8409
14.1068
22.4681
15.2079
15.6149
48.34
15.8572
16.4494
23.9352
49.4831
17.725
46.991
14.8219
15.0259
14.8433
17.3128
18.4751
43.6766
20.6877
16.6453
19.3229
17.6945
43.2437
41.1863
18.9384
14.6303
45.8235
14.8891
18.1073
40.0847
14.6028
44.9447
15.4794
14.6
13.7166
16.0136
14.4672
17.4198
52.9037
15.3604
21.7861
19.1862
14.5879
15.7062
13.9909
20.7198
18.5888
23.5913
16.9767
15.9708
11.902
19.961
16.1995
18.7625
14.925
14.6795
13.8463
14.9467
13.5407
40.489
15.8371
14.5892
18.5255
15.1431
10.9503
14.4287
14.5171
14.3978
25.3767
13.1508
13.3068
17.2576
15.713
13.3701
13.0253
13.295
20.6039
10.5738
12.8541
14.0122
23.1676
14.2494
13.5628
15.2561
15.2868
14.8934
13.0749
12.7258
13.0279
14.0907
16.3362
16.9546
15.9012
15.7631
18.0479
12.394
16.4144
13.422
19.7166
11.7631
12.9698
10.4606
13.119
14.3657
11.6827
10.444
16.245
12.4763
11.6835
12.1626
13.4014
16.2543
13.8981
14.9664
14.0051
13.8795
14.5325
12.6317
14.7216
11.2751
12.6295
14.715
20.9857
16.9467
12.3011
18.6484
14.663
16.8332
19.851
16.7464
16.9803
14.0349
15.4961
17.4931
17.0229
14.0467
14.3428
12.6552
11.0056
21.3137
20.5954
13.9799
17.937
15.2592
13.3946
13.3394
11.8744
16.4096
17.0041
13.3956
13.5811
14.395
12.8868
12.7285
10.9127
22.824
14.7737
14.7352
21.1526
13.1873
14.1764
16.9555
15.5441
14.9025
14.5287
16.5811
15.3896
14.0567
14.6995
13.7254
25.8663
15.0526
18.839
14.0309
14.8995
18.3168
14.9492
15.6042
18.7895
13.5889
16.3443
16.578
13.703
13.674
10.2397
13.3196
13.9995
14.3763
21.8083
13.32
10.0255
18.7025
13.1296
12.3334
10.5279
12.2613
15.412
19.4181
13.6227
11.5901
11.9682
